4289
n 149.16 1 2
n 94.0505 3 4
n 154.43 5 6
n 57.6756 7 8
n 121.346 9 10
n 103.323 11 12
n 143.291 13 14
n 66.3504 15 16
n 95.3908 17 18
n 123.308 19 20
n 124.965 21 22
n 182.7 23 24
n 177.514 25 26
n 210.475 27 28
n 190.834 29 30
n 33.9598 31 32
n 64.4917 33 34
n 72.1757 35 36
n 80.6403 37 38
n 116.208 39 40
n 115.123 41 42
n 128.722 43 44
n 152.927 45 46
n 118.794 47 48
n 114.035 49 50
n 129.278 51 52
n 137.196 53 54
n 167.919 55 56
n 170.066 57 58
n 176.008 59 60
n 191.494 61 62
n 19.3123 63 64
n 40.2019 65 66
n 40.335 67 68
n 45.569 69 70
n 71.981 71 72
n 84.2377 73 74
n 85.8566 75 76
n 81.3563 77 78
n 93.142 79 80
n 74.7875 81 82
n 82.7064 83 84
n 104.417 85 86
n 145.238 87 88
n 186.148 89 90
n 136.498 91 92
n 181.002 93 94
n 69.0888 95 96
n 85.2373 97 98
n 51.0279 99 100
n 59.1325 101 102
n 148.429 103 104
n 137.702 105 106
n 131.349 107 108
n 133.929 109 110
n 104.776 111 112
n 110.029 113 114
n 62.4489 115 116
n 86.6058 117 118
n 165.996 119 120
n 186.523 121 122
n 169.692 123 124
n 196.445 125 126
n 13.1405 127 128
n 32.9278 129 130
n 50.3284 131 132
n 55.4339 133 134
n 95.2374 135 136
n 79.003 137 138
n 108.006 139 140
n 105.209 141 142
n 71.8911 143 144
n 69.1026 145 146
n 84.5088 147 148
n 72.0644 149 150
n 114.421 151 152
n 117.397 153 154
n 118.55 155 156
n 114.862 157 158
n 107.327 159 160
n 107.667 161 162
n 79.3513 163 164
n 104.538 165 166
n 138.279 167 168
n 135.36 169 170
n 138.1 171 172
n 136.168 173 174
n 103.506 175 176
n 60.401 177 178
n 103.258 179 180
n 51.4243 181 182
n 138.249 183 184
n 139.395 185 186
n 138.439 187 188
n 139.617 189 190
n 166.962 191 192
n 156.857 193 194
n 169.402 195 196
n 166.611 197 198
n 214.362 199 200
n 215.163 201 202
n 205.213 203 204
n 197.054 205 206
n 160.473 207 208
n 171.017 209 210
n 162.674 211 212
n 160.802 213 214
n 195.835 215 216
n 199.843 217 218
n 195.234 219 220
n 202.84 221 222
n 195.935 223 224
n 186.508 225 226
n 195.653 227 228
n 188.878 229 230
n 229.573 231 232
n 219.699 233 234
n 236.027 235 236
n 225.346 237 238
n 172.03 239 240
n 167.554 241 242
n 180.143 243 244
n 173.758 245 246
n 203.06 247 248
n 203.405 249 250
n 212.722 251 252
n 209.659 253 254
n 0.607645 255 256
n 18.613 257 258
n 22.8297 259 260
n 27.9087 261 262
n 52.1229 263 264
n 43.9087 265 266
n 48.7134 267 268
n 52.4159 269 270
n 39.6132 271 272
n 45.9123 273 274
n 57.2622 275 276
n 55.1893 277 278
n 80.367 279 280
n 74.804 281 282
n 69.7179 283 284
n 82.1076 285 286
n 58.193 287 288
n 65.1572 289 290
n 63.2008 291 292
n 55.6208 293 294
n 76.285 295 296
n 79.6419 297 298
n 82.9451 299 300
n 84.88 301 302
n 73.9637 303 304
n 71.0649 305 306
n 63.6867 307 308
n 70.7739 309 310
n 88.9529 311 312
n 88.1863 313 314
n 89.1045 315 316
n 88.2416 317 318
n 103.446 319 320
n 101.402 321 322
n 101.045 323 324
n 108.81 325 326
n 189.45 327 328
n 152.843 329 330
n 136.555 331 332
n 124.97 333 334
n 103.753 335 336
n 103.669 337 338
n 106.487 339 340
n 105.815 341 342
n 129.447 343 344
n 133.34 345 346
n 125.97 347 348
n 129.542 349 350
n 114.458 351 352
n 115.9 353 354
n 108.507 355 356
n 126.332 357 358
n 141.765 359 360
n 140.807 361 362
n 141.597 363 364
n 138.4 365 366
n 128.463 367 368
n 135.726 369 370
n 143.542 371 372
n 143.012 373 374
n 157.707 375 376
n 173.505 377 378
n 163.718 379 380
n 166.373 381 382
n 100.765 383 384
n 86.9755 385 386
n 99.9546 387 388
n 101.719 389 390
n 132.723 391 392
n 136.076 393 394
n 131.632 395 396
n 138.326 397 398
n 26.2372 399 400
n 54.6327 401 402
n 88.4803 403 404
n 87.338 405 406
n 136.064 407 408
n 144.803 409 410
n 140.207 411 412
n 141.003 413 414
n 117.026 415 416
n 118.753 417 418
n 88.847 419 420
n 101.428 421 422
n 142.617 423 424
n 142.425 425 426
n 148.341 427 428
n 146.358 429 430
n 118.36 431 432
n 116.453 433 434
n 112.388 435 436
n 110.788 437 438
n 146.902 439 440
n 148.064 441 442
n 146.243 443 444
n 147.373 445 446
n 158.739 447 448
n 160.984 449 450
n 157.966 451 452
n 162.248 453 454
n 181.041 455 456
n 174.905 457 458
n 184.768 459 460
n 177.03 461 462
n 161.405 463 464
n 163.866 465 466
n 164.805 467 468
n 162.84 469 470
n 176.01 471 472
n 180.266 473 474
n 178.258 475 476
n 204.353 477 478
n 160.651 479 480
n 167.125 481 482
n 165.023 483 484
n 168.922 485 486
n 186.074 487 488
n 182.84 489 490
n 192.173 491 492
n 194.178 493 494
n 174.983 495 496
n 175.057 497 498
n 178.316 499 500
n 178.025 501 502
n 197.565 503 504
n 201.251 505 506
n 204.05 507 508
n 212.585 509 510
e 91
n 2.12676 511 512
n 15.7846 513 514
n 17.7629 515 516
n 25.3389 517 518
n 25.6007 519 520
n 28.9159 521 522
n 26.7266 523 524
n 30.3179 525 526
n 4.50786 527 528
n 30.5898 529 530
n 35.3473 531 532
n 45.9071 533 534
n 54.8989 535 536
n 45.1372 537 538
n 49.3868 539 540
n 24.1887 541 542
n 28.0733 543 544
n 25.0692 545 546
n 31.5663 547 548
n 48.6654 549 550
n 49.5508 551 552
n 46.2898 553 554
n 48.6251 555 556
n 35.0753 557 558
n 40.5017 559 560
n 39.0466 561 562
n 35.0006 563 564
n 52.7516 565 566
n 50.191 567 568
n 51.557 569 570
n 52.0929 571 572
n 67.5722 573 574
n 64.1195 575 576
n 62.9361 577 578
n 62.4615 579 580
n 121.333 581 582
n 83.3923 583 584
n 85.4224 585 586
n 75.8104 587 588
n 71.7751 589 590
n 74.0589 591 592
n 70.829 593 594
n 79.1552 595 596
n 103.183 597 598
n 132.119 599 600
n 93.5909 601 602
n 96.3626 603 604
n 72.4967 605 606
n 67.9202 607 608
n 71.9722 609 610
n 76.0577 611 612
n 101.645 613 614
n 95.6783 615 616
n 121.535 617 618
n 110.476 619 620
n 71.4993 621 622
n 73.6902 623 624
n 65.2803 625 626
n 66.708 627 628
n 90.7167 629 630
n 90.4793 631 632
n 110.188 633 634
n 94.8669 635 636
n 75.9008 637 638
n 58.1218 639 640
n 75.771 641 642
n 73.0147 643 644
n 102.935 645 646
n 107.033 647 648
n 101.533 649 650
n 109.412 651 652
e 97
n 56.359 653 654
n 58.6524 655 656
n 32.9503 657 658
n 92.1598 659 660
n 80.9144 661 662
n 115.41 663 664
n 88.0237 665 666
n 61.9936 667 668
n 66.0882 669 670
n 71.8887 671 672
n 66.2665 673 674
n 92.7228 675 676
n 100.636 677 678
n 95.8234 679 680
n 95.0603 681 682
n 84.6196 683 684
n 72.5829 685 686
n 87.9999 687 688
n 91.8603 689 690
n 114.646 691 692
n 115.935 693 694
n 112.637 695 696
n 116.348 697 698
n 128.803 699 700
n 142.984 701 702
n 126.806 703 704
n 124.518 705 706
n 200.931 707 708
n 202.829 709 710
e 2075
n 150.647 711 712
n 159.915 713 714
n 161.839 715 716
n 147.334 717 718
n 157.576 719 720
n 223.628 721 722
n 198.233 723 724
n 225.761 725 726
n 224.798 727 728
n 128.329 729 730
n 127.075 731 732
n 127.052 733 734
n 128.588 735 736
n 143.657 737 738
n 170.24 739 740
n 145.896 741 742
n 146.361 743 744
n 179.632 745 746
n 159.916 747 748
n 163.42 749 750
n 164.132 751 752
n 182.834 753 754
n 208.376 755 756
n 186.242 757 758
n 191.67 759 760
n 34.9303 761 762
n 42.5428 763 764
n 46.949 765 766
n 50.2037 767 768
n 81.4949 769 770
n 85.2557 771 772
n 82.3846 773 774
n 90.4799 775 776
n 73.1622 777 778
n 71.6847 779 780
n 65.151 781 782
n 72.3498 783 784
n 97.276 785 786
n 94.6858 787 788
n 96.6598 789 790
n 96.1363 791 792
n 11.9412 793 794
n 28.8754 795 796
n 16.7195 797 798
n 32.2653 799 800
n 75.4338 801 802
n 73.5816 803 804
n 60.7009 805 806
n 83.0695 807 808
n 39.4242 809 810
n 39.8055 811 812
n 32.1641 813 814
n 31.6324 815 816
n 84.3104 817 818
n 81.9754 819 820
n 71.2709 821 822
n 75.3863 823 824
n 122.143 825 826
n 111.877 827 828
n 124.76 829 830
n 113.568 831 832
n 197.395 833 834
n 186.109 835 836
n 192.152 837 838
n 193.952 839 840
n 121.729 841 842
n 126.937 843 844
n 119.483 845 846
n 123.73 847 848
n 163.295 849 850
n 152.345 851 852
n 158.694 853 854
n 151.409 855 856
n 120.829 857 858
n 115.236 859 860
e 587
n 112.447 861 862
e 1629
n 178.827 863 864
n 134.689 865 866
n 140.881 867 868
n 118.562 869 870
n 127.31 871 872
n 116.179 873 874
n 114.813 875 876
n 142.916 877 878
n 147.187 879 880
n 145.076 881 882
n 163.829 883 884
n 77.663 885 886
n 75.2001 887 888
n 71.881 889 890
n 71.3355 891 892
n 130.858 893 894
n 131.868 895 896
n 117.032 897 898
n 130.278 899 900
n 48.4741 901 902
n 71.9547 903 904
n 80.8971 905 906
n 65.5269 907 908
n 131.247 909 910
n 126.602 911 912
n 127.375 913 914
n 133.748 915 916
n 49.9951 917 918
n 49.3103 919 920
n 43.2773 921 922
n 47.4272 923 924
n 104.959 925 926
n 111.867 927 928
n 84.2121 929 930
n 82.8831 931 932
n 56.584 933 934
n 54.9147 935 936
n 61.0547 937 938
n 58.7326 939 940
n 137.991 941 942
n 113.07 943 944
n 97.7138 945 946
n 122.712 947 948
n 155.777 949 950
n 159.216 951 952
n 156.272 953 954
n 154.01 955 956
n 180.441 957 958
n 180.923 959 960
n 175.151 961 962
n 183.113 963 964
n 172.457 965 966
n 168.238 967 968
n 168.657 969 970
n 177.402 971 972
n 201.858 973 974
n 207.897 975 976
n 194.07 977 978
n 216.282 979 980
n 155.991 981 982
n 157.941 983 984
n 160.168 985 986
n 153.869 987 988
n 180.236 989 990
n 182.095 991 992
n 177.721 993 994
n 184.746 995 996
n 177.785 997 998
n 175.815 999 1000
n 171.925 1001 1002
n 174.004 1003 1004
n 203.327 1005 1006
n 208.378 1007 1008
n 206.331 1009 1010
n 217.657 1011 1012
n 1.71488 1013 1014
n 2.57848 1015 1016
e 718
n 17.9033 1017 1018
e 1925
n 33.532 1019 1020
n 21.1351 1021 1022
n 15.9409 1023 1024
n 28.8465 1025 1026
n 27.21 1027 1028
n 40.2029 1029 1030
n 37.2717 1031 1032
n 42.3525 1033 1034
n 43.4059 1035 1036
n 40.0845 1037 1038
n 42.6159 1039 1040
e 573
e 1748
n 59.0889 1041 1042
n 55.6388 1043 1044
n 58.5074 1045 1046
n 62.1295 1047 1048
n 46.8758 1049 1050
n 42.5462 1051 1052
n 50.0141 1053 1054
n 51.442 1055 1056
n 61.8134 1057 1058
n 60.9795 1059 1060
n 62.3763 1061 1062
n 60.86 1063 1064
n 67.5967 1065 1066
n 85.5564 1067 1068
n 71.2878 1069 1070
n 82.6925 1071 1072
n 109.333 1073 1074
n 121.563 1075 1076
n 116.732 1077 1078
n 101.061 1079 1080
n 72.1566 1081 1082
n 74.9112 1083 1084
n 71.1292 1085 1086
n 72.6903 1087 1088
n 121.034 1089 1090
n 93.3238 1091 1092
n 86.3663 1093 1094
n 84.2329 1095 1096
n 81.066 1097 1098
n 97.45 1099 1100
n 94.2827 1101 1102
n 98.5725 1103 1104
e 1060
n 116.024 1105 1106
n 125.884 1107 1108
n 111.982 1109 1110
n 93.3345 1111 1112
n 82.8977 1113 1114
n 86.031 1115 1116
n 96.2254 1117 1118
n 123.149 1119 1120
n 109.428 1121 1122
n 123.693 1123 1124
n 130.737 1125 1126
n 58.0177 1127 1128
n 54.0464 1129 1130
n 60.1981 1131 1132
n 64.346 1133 1134
n 83.9628 1135 1136
n 74.3234 1137 1138
n 80.8627 1139 1140
n 86.9746 1141 1142
n 57.5648 1143 1144
e 40
n 66.1211 1145 1146
n 60.5214 1147 1148
n 83.9331 1149 1150
e 2065
n 79.3816 1151 1152
n 82.7655 1153 1154
n 81.6936 1155 1156
n 77.3321 1157 1158
n 79.7137 1159 1160
n 78.1776 1161 1162
n 87.7236 1163 1164
n 91.1881 1165 1166
n 91.8873 1167 1168
n 90.3965 1169 1170
n 66.0314 1171 1172
e 117
n 39.3977 1173 1174
e 208
n 82.6329 1175 1176
n 81.3275 1177 1178
n 86.0726 1179 1180
n 83.5387 1181 1182
n 100.634 1183 1184
n 107.216 1185 1186
n 100.146 1187 1188
n 105.5 1189 1190
n 128.97 1191 1192
n 123.823 1193 1194
n 124.226 1195 1196
n 125.631 1197 1198
n 105.429 1199 1200
e 804
n 104.656 1201 1202
n 112.741 1203 1204
n 127.014 1205 1206
n 137.419 1207 1208
n 126.293 1209 1210
n 135.944 1211 1212
n 103.328 1213 1214
n 100.932 1215 1216
n 108.114 1217 1218
n 109.089 1219 1220
n 123.967 1221 1222
n 128.42 1223 1224
n 128.646 1225 1226
n 135.43 1227 1228
n 102.123 1229 1230
n 102.369 1231 1232
n 103.493 1233 1234
n 101.753 1235 1236
n 122.859 1237 1238
n 134.701 1239 1240
n 124.425 1241 1242
n 137.195 1243 1244
n 82.9545 1245 1246
n 95.8282 1247 1248
e 436
n 75.2573 1249 1250
n 116.319 1251 1252
n 115.033 1253 1254
n 120.668 1255 1256
n 118.498 1257 1258
n 96.0427 1259 1260
n 86.1454 1261 1262
n 102.989 1263 1264
n 94.7786 1265 1266
n 116.474 1267 1268
n 113.337 1269 1270
n 120.493 1271 1272
n 118.912 1273 1274
n 47.9933 1275 1276
e 925
n 91.7882 1277 1278
n 100.86 1279 1280
e 2012
n 98.4924 1281 1282
n 89.1923 1283 1284
n 92.9554 1285 1286
e 1080
e 1631
e 763
n 116.27 1287 1288
e 148
e 942
n 128.74 1289 1290
n 129.823 1291 1292
n 131.382 1293 1294
n 129.997 1295 1296
n 143.593 1297 1298
n 144.543 1299 1300
n 143.424 1301 1302
n 146.088 1303 1304
n 129.474 1305 1306
n 126.672 1307 1308
n 127.396 1309 1310
n 128.163 1311 1312
n 143.105 1313 1314
n 143.059 1315 1316
n 141.943 1317 1318
n 141.937 1319 1320
n 133.407 1321 1322
n 134.151 1323 1324
n 132.638 1325 1326
n 132.266 1327 1328
n 146.333 1329 1330
n 143.39 1331 1332
n 142.237 1333 1334
n 147.217 1335 1336
n 126.137 1337 1338
n 131.272 1339 1340
n 130.869 1341 1342
n 129.31 1343 1344
n 143.069 1345 1346
n 142.746 1347 1348
n 144.412 1349 1350
n 143.783 1351 1352
n 91.8841 1353 1354
n 79.8139 1355 1356
n 101.533 1357 1358
e 18
n 112.476 1359 1360
e 268
n 116.567 1361 1362
e 1839
e 1078
e 154
e 2119
e 253
n 92.5262 1363 1364
e 2094
n 97.1383 1365 1366
n 97.215 1367 1368
e 826
e 1130
n 121.556 1369 1370
n 119.961 1371 1372
n 109.624 1373 1374
e 2056
e 134
n 46.9504 1375 1376
e 1224
n 45.2229 1377 1378
n 56.4207 1379 1380
e 814
n 58.8862 1381 1382
e 1507
n 128.236 1383 1384
n 129.231 1385 1386
n 134.043 1387 1388
n 131.674 1389 1390
n 145.182 1391 1392
n 139.796 1393 1394
n 144.721 1395 1396
n 144.264 1397 1398
n 135.791 1399 1400
n 133.452 1401 1402
n 135.806 1403 1404
n 136.048 1405 1406
n 143.174 1407 1408
e 739
n 143.647 1409 1410
n 145.665 1411 1412
n 129.085 1413 1414
n 131.616 1415 1416
e 90
e 76
n 142.843 1417 1418
n 145.77 1419 1420
n 144.755 1421 1422
n 144.338 1423 1424
n 134.537 1425 1426
n 137.86 1427 1428
n 137.624 1429 1430
n 135.459 1431 1432
n 140.938 1433 1434
n 142.905 1435 1436
n 144.467 1437 1438
n 146.773 1439 1440
e 712
e 1459
n 158.721 1441 1442
n 153.39 1443 1444
n 173.251 1445 1446
n 176.503 1447 1448
n 174.247 1449 1450
n 177.642 1451 1452
n 151.018 1453 1454
n 151.493 1455 1456
n 150.554 1457 1458
n 152.704 1459 1460
n 165.362 1461 1462
n 159.493 1463 1464
n 163.529 1465 1466
n 160.87 1467 1468
n 162.767 1469 1470
n 158.174 1471 1472
n 160.982 1473 1474
n 162.68 1475 1476
n 180.482 1477 1478
n 173.372 1479 1480
n 176.781 1481 1482
n 176.351 1483 1484
n 159.863 1485 1486
n 160.043 1487 1488
n 160.947 1489 1490
n 158.177 1491 1492
n 170.807 1493 1494
n 170.812 1495 1496
n 174.579 1497 1498
n 174.183 1499 1500
n 204.68 1501 1502
n 189.928 1503 1504
n 189.494 1505 1506
n 202.016 1507 1508
n 238.984 1509 1510
e 462
n 234.939 1511 1512
n 227.501 1513 1514
n 198.04 1515 1516
n 202.634 1517 1518
n 189.136 1519 1520
n 199.943 1521 1522
n 238.128 1523 1524
n 227.836 1525 1526
n 226.006 1527 1528
n 225.29 1529 1530
n 189.149 1531 1532
n 190.731 1533 1534
n 191.599 1535 1536
n 195.085 1537 1538
n 233.335 1539 1540
n 217.243 1541 1542
n 215.837 1543 1544
n 216.244 1545 1546
n 190.203 1547 1548
n 187.922 1549 1550
n 190.371 1551 1552
n 190.144 1553 1554
n 207.313 1555 1556
e 1935
n 203.943 1557 1558
n 202.652 1559 1560
n 153.856 1561 1562
n 155.622 1563 1564
n 154.942 1565 1566
n 156.256 1567 1568
n 169.05 1569 1570
n 166.291 1571 1572
n 167.134 1573 1574
n 168.952 1575 1576
n 165.753 1577 1578
e 335
e 915
n 169.577 1579 1580
n 171.643 1581 1582
n 172.672 1583 1584
n 174.39 1585 1586
n 176.184 1587 1588
n 153.461 1589 1590
n 155.599 1591 1592
n 159.69 1593 1594
n 155.73 1595 1596
n 170.309 1597 1598
n 171.682 1599 1600
n 173.754 1601 1602
n 168.855 1603 1604
n 151.05 1605 1606
n 154.348 1607 1608
n 155.037 1609 1610
n 151.922 1611 1612
n 165.753 1613 1614
n 171.642 1615 1616
n 166.971 1617 1618
n 168.791 1619 1620
e 1858
n 188.075 1621 1622
n 185.381 1623 1624
n 185.996 1625 1626
n 208.763 1627 1628
n 212.261 1629 1630
n 180.063 1631 1632
n 181.495 1633 1634
e 1591
e 429
n 211.96 1635 1636
n 216.984 1637 1638
n 185.158 1639 1640
n 186.223 1641 1642
n 185.358 1643 1644
n 190.721 1645 1646
n 199.892 1647 1648
n 201.342 1649 1650
n 209.651 1651 1652
n 203.059 1653 1654
n 190.466 1655 1656
n 191.463 1657 1658
n 183.276 1659 1660
n 185.525 1661 1662
n 221.359 1663 1664
n 207.542 1665 1666
n 221.481 1667 1668
n 219.669 1669 1670
n 186.667 1671 1672
n 184.88 1673 1674
n 177.431 1675 1676
n 186.286 1677 1678
n 202.326 1679 1680
n 203.082 1681 1682
n 207.862 1683 1684
n 204.739 1685 1686
n 172.117 1687 1688
n 173.619 1689 1690
n 178.92 1691 1692
n 171.968 1693 1694
n 194.281 1695 1696
n 200.695 1697 1698
n 199.603 1699 1700
n 197.442 1701 1702
e 333
n 191.886 1703 1704
e 161
e 1254
n 207.289 1705 1706
n 204.131 1707 1708
n 197.529 1709 1710
n 202.048 1711 1712
n 167.901 1713 1714
n 179.277 1715 1716
n 174.017 1717 1718
n 179.415 1719 1720
n 201.447 1721 1722
n 198.063 1723 1724
n 198.896 1725 1726
n 199.958 1727 1728
n 222.894 1729 1730
n 223.177 1731 1732
n 222.961 1733 1734
n 223.941 1735 1736
n 246.821 1737 1738
n 232.881 1739 1740
n 230.45 1741 1742
n 232.879 1743 1744
n 216.97 1745 1746
n 214.735 1747 1748
n 216.527 1749 1750
n 217.374 1751 1752
n 223.504 1753 1754
n 225.6 1755 1756
n 224.46 1757 1758
e 858
n 225.289 1759 1760
n 223.267 1761 1762
n 231.3 1763 1764
n 221.588 1765 1766
n 248.345 1767 1768
n 248.71 1769 1770
n 239.522 1771 1772
n 241.113 1773 1774
n 218.059 1775 1776
n 221.675 1777 1778
n 217.669 1779 1780
n 214.97 1781 1782
n 240.487 1783 1784
e 1753
e 706
n 239.176 1785 1786
n 166.19 1787 1788
n 160.641 1789 1790
n 164.292 1791 1792
n 160.179 1793 1794
n 180.615 1795 1796
n 180.426 1797 1798
n 181.816 1799 1800
n 183.916 1801 1802
n 152.806 1803 1804
n 153.978 1805 1806
n 163.776 1807 1808
n 156.298 1809 1810
n 179.311 1811 1812
n 178.542 1813 1814
n 178.333 1815 1816
n 185.182 1817 1818
n 165.922 1819 1820
n 172.132 1821 1822
n 169.655 1823 1824
n 168.677 1825 1826
n 186.586 1827 1828
n 185.662 1829 1830
n 188.825 1831 1832
n 187.862 1833 1834
n 167.278 1835 1836
n 161.265 1837 1838
n 168.8 1839 1840
n 168.978 1841 1842
n 182.962 1843 1844
n 181.412 1845 1846
n 183.788 1847 1848
n 182.363 1849 1850
n 194.979 1851 1852
n 194.265 1853 1854
n 196.044 1855 1856
n 196.022 1857 1858
n 211.569 1859 1860
n 215.8 1861 1862
n 212.416 1863 1864
n 217.296 1865 1866
n 196.203 1867 1868
n 195.897 1869 1870
n 196.368 1871 1872
n 194.559 1873 1874
n 217.164 1875 1876
n 212.704 1877 1878
n 219.882 1879 1880
n 218.54 1881 1882
n 205.877 1883 1884
n 199.356 1885 1886
n 205.479 1887 1888
n 202.767 1889 1890
n 233.116 1891 1892
n 226.212 1893 1894
n 228.052 1895 1896
n 226.779 1897 1898
n 199.446 1899 1900
n 200.863 1901 1902
n 205.645 1903 1904
n 199.548 1905 1906
n 222.792 1907 1908
n 222.01 1909 1910
n 222.514 1911 1912
n 224.707 1913 1914
e 405
e 856
e 669
e 1592
n 15.5172 1915 1916
n 17.2567 1917 1918
n 23.2574 1919 1920
n 25.5445 1921 1922
n 16.8567 1923 1924
n 18.8102 1925 1926
e 313
e 1984
n 23.9855 1927 1928
n 26.0293 1929 1930
n 26.0259 1931 1932
n 30.5701 1933 1934
n 26.2571 1935 1936
e 2092
n 16.7371 1937 1938
n 21.6164 1939 1940
n 29.5873 1941 1942
n 32.9648 1943 1944
n 31.8662 1945 1946
n 33.2678 1947 1948
e 657
n 34.9753 1949 1950
e 2074
e 2088
n 40.1054 1951 1952
e 384
n 39.3446 1953 1954
n 42.1975 1955 1956
e 17
n 52.1523 1957 1958
n 44.6133 1959 1960
n 47.1959 1961 1962
n 45.1511 1963 1964
n 45.222 1965 1966
n 45.0451 1967 1968
n 39.5911 1969 1970
e 1241
e 665
e 1549
n 69.9908 1971 1972
n 39.3353 1973 1974
n 49.6075 1975 1976
n 48.1713 1977 1978
n 50.2614 1979 1980
n 56.507 1981 1982
n 60.1716 1983 1984
n 54.6512 1985 1986
n 57.6069 1987 1988
e 1589
e 1888
e 1225
n 30.5425 1989 1990
e 936
e 1864
e 1854
n 51.2516 1991 1992
e 1151
e 1706
e 565
n 31.5283 1993 1994
n 55.5866 1995 1996
e 212
n 58.7766 1997 1998
n 62.1609 1999 2000
n 52.5247 2001 2002
n 55.1935 2003 2004
e 866
n 50.9207 2005 2006
n 59.5822 2007 2008
e 1276
n 59.4154 2009 2010
n 58.7183 2011 2012
e 1305
e 2108
e 999
e 1324
e 2024
n 60.5957 2013 2014
n 62.77 2015 2016
e 805
e 1968
e 810
e 550
n 77.2137 2017 2018
e 1440
e 1408
n 80.7252 2019 2020
n 91.2789 2021 2022
n 67.3063 2023 2024
n 71.6608 2025 2026
e 518
e 2020
n 85.4677 2027 2028
n 80.4529 2029 2030
n 66.5456 2031 2032
n 67.0761 2033 2034
n 65.5925 2035 2036
n 66.6826 2037 2038
e 1338
n 77.5906 2039 2040
e 1466
n 72.3733 2041 2042
n 78.4087 2043 2044
n 81.5021 2045 2046
n 75.7121 2047 2048
e 130
n 86.9364 2049 2050
n 84.5935 2051 2052
n 84.0879 2053 2054
n 90.0652 2055 2056
e 2023
e 2157
e 1764
n 56.9782 2057 2058
n 60.4778 2059 2060
n 60.5911 2061 2062
n 62.2869 2063 2064
n 65.9996 2065 2066
n 60.8934 2067 2068
n 63.0763 2069 2070
n 62.8862 2071 2072
e 1990
n 67.9522 2073 2074
n 68.4161 2075 2076
n 70.2892 2077 2078
n 68.3118 2079 2080
e 169
e 1685
n 64.8821 2081 2082
e 970
n 69.8764 2083 2084
e 217
n 47.2288 2085 2086
n 48.7667 2087 2088
e 222
e 1874
e 61
e 1859
n 74.5071 2089 2090
n 73.8334 2091 2092
n 74.3336 2093 2094
n 75.1437 2095 2096
e 1065
n 78.0034 2097 2098
n 78.1129 2099 2100
n 78.7703 2101 2102
n 75.8202 2103 2104
n 77.1154 2105 2106
n 78.1567 2107 2108
n 78.5152 2109 2110
e 1434
n 84.0881 2111 2112
e 278
n 85.2125 2113 2114
n 78.8945 2115 2116
n 78.1697 2117 2118
e 1239
n 89.6782 2119 2120
n 79.555 2121 2122
n 83.0117 2123 2124
n 80.3323 2125 2126
n 83.1213 2127 2128
e 44
n 88.3772 2129 2130
e 111
n 90.7982 2131 2132
n 72.5474 2133 2134
e 2129
n 67.07 2135 2136
n 67.5016 2137 2138
n 76.9821 2139 2140
n 75.1694 2141 2142
n 78.7384 2143 2144
n 78.1991 2145 2146
n 66.8779 2147 2148
n 57.6985 2149 2150
n 68.3962 2151 2152
e 194
n 76.8059 2153 2154
e 1371
n 76.2741 2155 2156
n 75.9245 2157 2158
n 48.4083 2159 2160
n 57.4201 2161 2162
e 1663
n 72.8533 2163 2164
n 77.5718 2165 2166
e 476
n 63.6969 2167 2168
e 1693
e 876
e 98
e 1759
e 543
e 1064
e 774
n 86.8297 2169 2170
n 87.2172 2171 2172
n 84.5678 2173 2174
e 1896
e 793
e 266
n 90.9395 2175 2176
n 92.3217 2177 2178
n 83.3363 2179 2180
n 87.295 2181 2182
n 84.3688 2183 2184
n 86.3564 2185 2186
n 91.0818 2187 2188
n 90.8812 2189 2190
n 90.8493 2191 2192
e 1269
n 86.47 2193 2194
n 87.4733 2195 2196
n 85.2203 2197 2198
n 86.5357 2199 2200
n 89.6099 2201 2202
n 92.0987 2203 2204
n 92.0214 2205 2206
n 93.2271 2207 2208
e 417
e 49
n 85.3728 2209 2210
n 84.0331 2211 2212
n 89.9277 2213 2214
n 90.3455 2215 2216
n 92.1898 2217 2218
n 92.752 2219 2220
e 1997
e 485
n 96.625 2221 2222
e 455
n 109.949 2223 2224
e 1707
n 96.086 2225 2226
n 97.3211 2227 2228
n 96.7004 2229 2230
n 98.6267 2231 2232
e 1499
n 107.048 2233 2234
n 101.607 2235 2236
n 109.603 2237 2238
n 96.4161 2239 2240
n 97.8239 2241 2242
e 1344
n 97.9087 2243 2244
n 101.943 2245 2246
n 102.868 2247 2248
n 106.729 2249 2250
n 104.911 2251 2252
n 103.508 2253 2254
n 101.378 2255 2256
n 107.448 2257 2258
n 108.086 2259 2260
n 110.991 2261 2262
n 112.687 2263 2264
n 113.635 2265 2266
n 114.091 2267 2268
e 2125
n 192.464 2269 2270
e 1346
e 1704
e 1476
n 131.07 2271 2272
n 181.518 2273 2274
e 605
e 1986
n 129.366 2275 2276
e 2114
e 2015
n 118.666 2277 2278
n 118.798 2279 2280
n 99.6635 2281 2282
n 99.7626 2283 2284
n 98.7259 2285 2286
n 97.4926 2287 2288
n 112.552 2289 2290
e 1115
n 113.512 2291 2292
e 1154
n 97.4774 2293 2294
e 271
n 97.318 2295 2296
n 101.381 2297 2298
e 787
n 112.438 2299 2300
n 108.238 2301 2302
n 110.183 2303 2304
n 103.063 2305 2306
n 99.4546 2307 2308
n 101.422 2309 2310
n 97.7641 2311 2312
n 110.975 2313 2314
n 108.018 2315 2316
n 112.356 2317 2318
n 112.541 2319 2320
n 100.327 2321 2322
n 98.1921 2323 2324
n 99.0971 2325 2326
n 100.265 2327 2328
n 110.458 2329 2330
n 109.376 2331 2332
n 112.66 2333 2334
n 113.963 2335 2336
e 622
n 122.284 2337 2338
n 117.798 2339 2340
n 119.182 2341 2342
e 1139
e 2077
e 1564
n 137.697 2343 2344
e 1578
e 1165
n 122.998 2345 2346
n 124.53 2347 2348
e 658
e 36
e 41
e 258
n 116.528 2349 2350
n 120.102 2351 2352
n 123.679 2353 2354
n 119.217 2355 2356
e 1183
n 166.711 2357 2358
n 128.349 2359 2360
n 127.163 2361 2362
n 121.045 2363 2364
n 121.446 2365 2366
n 126.947 2367 2368
n 123.048 2369 2370
e 511
n 143.743 2371 2372
n 130.315 2373 2374
n 140.489 2375 2376
e 1381
e 997
n 110.25 2377 2378
e 114
e 1162
e 708
n 112.694 2379 2380
n 110.47 2381 2382
n 120.811 2383 2384
e 21
e 453
e 1869
e 470
e 1939
e 1630
e 671
e 77
e 82
e 1071
e 1867
e 1650
n 150.391 2385 2386
e 2030
e 992
e 1825
e 1173
n 137.644 2387 2388
e 252
e 1306
e 1887
n 126.29 2389 2390
n 126.852 2391 2392
n 113.788 2393 2394
e 1805
n 133.778 2395 2396
n 131.297 2397 2398
n 132.374 2399 2400
n 132.14 2401 2402
n 134.642 2403 2404
n 131.507 2405 2406
n 117.279 2407 2408
e 1860
n 137.321 2409 2410
n 142.083 2411 2412
n 138.769 2413 2414
n 140.008 2415 2416
e 1461
n 137.603 2417 2418
e 595
e 935
e 243
n 146.518 2419 2420
e 167
n 149.245 2421 2422
n 141.146 2423 2424
n 139.929 2425 2426
e 487
e 1041
e 1597
n 147.226 2427 2428
n 153.379 2429 2430
n 155.763 2431 2432
n 156.568 2433 2434
n 157.399 2435 2436
n 165.265 2437 2438
n 156.168 2439 2440
n 162.902 2441 2442
n 165.804 2443 2444
n 180.449 2445 2446
n 199.115 2447 2448
n 181.632 2449 2450
n 180.557 2451 2452
n 158.666 2453 2454
n 159.935 2455 2456
n 161.011 2457 2458
n 162.68 2459 2460
e 1510
e 1674
e 477
e 75
n 163.891 2461 2462
n 164.633 2463 2464
n 165.473 2465 2466
n 161.774 2467 2468
n 166.73 2469 2470
e 185
e 1148
e 1258
n 109.852 2471 2472
n 105.103 2473 2474
n 109.834 2475 2476
e 681
e 1114
e 311
n 86.2573 2477 2478
e 926
n 103.797 2479 2480
e 2050
n 98.0327 2481 2482
n 92.0179 2483 2484
n 88.0543 2485 2486
e 1349
n 87.6212 2487 2488
e 783
n 105.554 2489 2490
n 107.771 2491 2492
n 110.657 2493 2494
n 112.298 2495 2496
n 84.0425 2497 2498
e 406
n 89.1428 2499 2500
n 73.6332 2501 2502
n 108.082 2503 2504
n 114.977 2505 2506
n 112.415 2507 2508
n 117.499 2509 2510
n 131.028 2511 2512
n 127.097 2513 2514
n 126.693 2515 2516
n 129.708 2517 2518
e 58
n 138.657 2519 2520
n 135.829 2521 2522
e 128
e 1617
e 1768
n 125.405 2523 2524
n 122.927 2525 2526
n 145.085 2527 2528
e 1897
n 145.343 2529 2530
n 145.843 2531 2532
n 120.417 2533 2534
n 120.627 2535 2536
n 125.457 2537 2538
n 124.836 2539 2540
n 137.708 2541 2542
n 142.896 2543 2544
n 133.553 2545 2546
n 145.98 2547 2548
n 126.114 2549 2550
n 123.297 2551 2552
n 132.205 2553 2554
n 129.361 2555 2556
n 146.89 2557 2558
n 147.48 2559 2560
n 147.938 2561 2562
n 148.68 2563 2564
e 1474
e 2028
n 20.2884 2565 2566
e 684
e 1908
e 1963
e 289
e 985
n 16.6937 2567 2568
e 1106
e 1486
e 2011
n 71.803 2569 2570
e 352
e 875
e 1895
e 520
e 1256
n 95.227 2571 2572
e 1140
e 508
e 1438
e 661
e 1463
e 1699
n 79.2002 2573 2574
e 1585
n 90.3936 2575 2576
e 1530
n 100.544 2577 2578
e 12
n 129.482 2579 2580
n 124.818 2581 2582
n 124.768 2583 2584
n 142.212 2585 2586
n 138.165 2587 2588
e 1551
n 147.454 2589 2590
e 168
n 137.083 2591 2592
n 132.176 2593 2594
e 1992
n 146.846 2595 2596
n 149.253 2597 2598
n 151.254 2599 2600
n 151.668 2601 2602
n 127.15 2603 2604
e 408
e 1647
n 125.761 2605 2606
n 149.513 2607 2608
n 146.835 2609 2610
n 149.123 2611 2612
n 143.737 2613 2614
n 116.659 2615 2616
n 134.601 2617 2618
n 147.879 2619 2620
n 149.341 2621 2622
n 142.674 2623 2624
n 148.684 2625 2626
n 107.067 2627 2628
e 1831
e 1355
n 102.421 2629 2630
n 123.426 2631 2632
n 124.82 2633 2634
e 501
n 125.31 2635 2636
n 115.336 2637 2638
n 117.13 2639 2640
n 106.757 2641 2642
n 111.702 2643 2644
n 123.348 2645 2646
n 125.619 2647 2648
e 1771
e 561
n 84.8115 2649 2650
e 1023
n 91.5373 2651 2652
n 94.5704 2653 2654
e 1441
n 98.3054 2655 2656
n 99.1011 2657 2658
n 100.159 2659 2660
e 32
n 104.461 2661 2662
e 51
e 545
n 136.562 2663 2664
n 138.967 2665 2666
e 1620
n 137.521 2667 2668
n 145.519 2669 2670
n 145.274 2671 2672
n 143.523 2673 2674
n 148.621 2675 2676
e 860
n 136.674 2677 2678
n 136.636 2679 2680
n 136.825 2681 2682
e 237
n 149.023 2683 2684
n 148.085 2685 2686
n 148.284 2687 2688
e 1901
e 1843
n 140.993 2689 2690
n 138.315 2691 2692
n 150.843 2693 2694
n 150.397 2695 2696
n 151.068 2697 2698
n 153.197 2699 2700
e 732
n 142.045 2701 2702
n 141.127 2703 2704
n 135.889 2705 2706
n 150.752 2707 2708
n 149.255 2709 2710
n 152.649 2711 2712
n 151.098 2713 2714
e 55
e 1382
n 128.65 2715 2716
n 126.497 2717 2718
n 127.394 2719 2720
e 961
e 894
n 133.526 2721 2722
n 119.386 2723 2724
n 130.104 2725 2726
e 532
e 125
n 117.735 2727 2728
e 1679
e 1995
n 132.902 2729 2730
e 1046
e 853
n 143.235 2731 2732
n 143.177 2733 2734
n 144.427 2735 2736
n 145.943 2737 2738
n 152.357 2739 2740
e 239
n 151.556 2741 2742
n 147.804 2743 2744
n 146.966 2745 2746
n 145.369 2747 2748
n 143.075 2749 2750
n 141.861 2751 2752
n 149.767 2753 2754
n 153.059 2755 2756
n 152.829 2757 2758
e 1721
n 141.779 2759 2760
n 137.634 2761 2762
e 1849
e 836
n 151.861 2763 2764
n 148.973 2765 2766
n 150.808 2767 2768
e 1211
n 143.123 2769 2770
n 141.787 2771 2772
n 145.143 2773 2774
e 951
n 153.219 2775 2776
n 150.854 2777 2778
e 1421
n 150.068 2779 2780
e 972
n 155.76 2781 2782
e 614
n 156.184 2783 2784
e 1364
e 257
n 160.315 2785 2786
n 161.919 2787 2788
n 156.933 2789 2790
n 158.825 2791 2792
e 2142
n 156.766 2793 2794
n 166.531 2795 2796
n 164.482 2797 2798
e 293
n 164.146 2799 2800
n 156.392 2801 2802
n 155.567 2803 2804
n 156.854 2805 2806
n 156.66 2807 2808
n 160.69 2809 2810
n 161.909 2811 2812
e 1808
n 159.751 2813 2814
n 159.582 2815 2816
n 160.785 2817 2818
n 157.59 2819 2820
n 161.456 2821 2822
n 165.522 2823 2824
e 978
n 167.099 2825 2826
n 165.417 2827 2828
e 2147
e 333
e 391
n 170.713 2829 2830
e 1829
n 172.429 2831 2832
e 736
e 1193
e 1531
e 1809
n 178.912 2833 2834
n 182.136 2835 2836
e 88
e 1624
n 190.908 2837 2838
n 186.35 2839 2840
e 496
n 193.475 2841 2842
n 170.198 2843 2844
n 173.677 2845 2846
n 174.375 2847 2848
n 173.863 2849 2850
n 178.165 2851 2852
n 178.795 2853 2854
n 180.393 2855 2856
n 184.348 2857 2858
n 156.031 2859 2860
n 156.669 2861 2862
n 159.361 2863 2864
n 160.347 2865 2866
n 163.925 2867 2868
n 163.497 2869 2870
n 165.109 2871 2872
e 1159
n 155.711 2873 2874
n 160.646 2875 2876
n 160.603 2877 2878
e 1570
n 164.074 2879 2880
n 165.426 2881 2882
n 166.124 2883 2884
n 167.353 2885 2886
e 65
n 161.479 2887 2888
n 163.501 2889 2890
n 164.117 2891 2892
e 1160
e 1473
e 803
n 168.798 2893 2894
e 1802
e 242
e 431
e 1223
e 448
n 166.915 2895 2896
n 170.823 2897 2898
n 173.106 2899 2900
e 1483
e 1503
n 177.685 2901 2902
n 182.207 2903 2904
e 1667
n 179.135 2905 2906
e 379
n 172.53 2907 2908
n 177.102 2909 2910
e 1532
e 1417
e 1359
e 1955
e 210
n 174.376 2911 2912
n 171.895 2913 2914
n 172.834 2915 2916
n 177.566 2917 2918
n 180.54 2919 2920
e 1763
e 483
n 184.056 2921 2922
e 987
e 1635
n 211.653 2923 2924
e 198
n 157.04 2925 2926
n 155.391 2927 2928
n 158.891 2929 2930
n 157.948 2931 2932
n 166.974 2933 2934
n 166.97 2935 2936
n 160.782 2937 2938
n 168.176 2939 2940
n 162.183 2941 2942
n 162.842 2943 2944
n 165.523 2945 2946
n 161.51 2947 2948
n 172.006 2949 2950
n 172.281 2951 2952
n 172.194 2953 2954
n 169.9 2955 2956
n 156.134 2957 2958
n 161.715 2959 2960
n 161.32 2961 2962
e 1432
n 169.95 2963 2964
n 167.177 2965 2966
n 171.359 2967 2968
n 169.169 2969 2970
n 165.679 2971 2972
n 164.903 2973 2974
n 167.165 2975 2976
n 164.54 2977 2978
n 174.392 2979 2980
e 877
e 1205
n 173.957 2981 2982
n 184.493 2983 2984
e 917
n 179.848 2985 2986
n 179.322 2987 2988
n 189.253 2989 2990
e 339
n 195.813 2991 2992
n 197.224 2993 2994
n 178.782 2995 2996
n 178.223 2997 2998
n 180 2999 3000
n 180.48 3001 3002
n 184.976 3003 3004
n 188.216 3005 3006
n 189.061 3007 3008
n 189.806 3009 3010
n 188.113 3011 3012
n 182.997 3013 3014
n 187.944 3015 3016
n 189.23 3017 3018
e 1460
n 203.027 3019 3020
n 204.144 3021 3022
e 2034
n 181.122 3023 3024
n 187.702 3025 3026
n 188.714 3027 3028
n 189.744 3029 3030
e 2008
n 198.825 3031 3032
n 204.845 3033 3034
n 203.2 3035 3036
n 166.295 3037 3038
n 169.138 3039 3040
n 163.988 3041 3042
n 168.019 3043 3044
n 177.687 3045 3046
n 182.096 3047 3048
n 182.696 3049 3050
n 181.616 3051 3052
n 171.605 3053 3054
e 952
n 161.093 3055 3056
e 1470
n 181.464 3057 3058
e 766
n 182.193 3059 3060
n 187.434 3061 3062
n 167.821 3063 3064
n 168.915 3065 3066
n 173.426 3067 3068
n 173.157 3069 3070
n 187.446 3071 3072
n 189.006 3073 3074
n 187.756 3075 3076
n 184.958 3077 3078
n 170.885 3079 3080
n 171.813 3081 3082
n 175.669 3083 3084
e 1844
e 1711
n 180.597 3085 3086
e 1009
n 182.633 3087 3088
n 193.354 3089 3090
n 194.98 3091 3092
n 194.052 3093 3094
n 195.311 3095 3096
e 1926
n 200.813 3097 3098
n 203.734 3099 3100
n 202.79 3101 3102
n 195.69 3103 3104
n 196.593 3105 3106
n 196.409 3107 3108
n 192.915 3109 3110
e 104
e 396
n 206.026 3111 3112
n 214.684 3113 3114
n 196.818 3115 3116
n 200.612 3117 3118
n 199.807 3119 3120
n 199.382 3121 3122
n 205.19 3123 3124
n 206.441 3125 3126
n 209.574 3127 3128
n 211.368 3129 3130
n 204.417 3131 3132
n 199.247 3133 3134
n 211.162 3135 3136
n 209.772 3137 3138
n 213.484 3139 3140
e 310
n 220.193 3141 3142
n 223.456 3143 3144
e 1418
n 16.7717 3145 3146
e 1010
n 17.9691 3147 3148
n 18.9603 3149 3150
e 1882
e 1070
e 183
n 20.8174 3151 3152
n 20.7327 3153 3154
e 479
n 22.9838 3155 3156
e 2062
e 1158
n 20.2695 3157 3158
n 23.2327 3159 3160
e 1127
n 29.7654 3161 3162
n 27.5212 3163 3164
e 893
e 445
n 23.7614 3165 3166
e 850
e 1189
e 1403
e 1496
n 22.802 3167 3168
n 24.9383 3169 3170
e 1133
e 642
n 31.1523 3171 3172
n 27.0006 3173 3174
e 1666
e 566
e 1
e 1358
e 195
e 682
n 31.1745 3175 3176
n 35.5835 3177 3178
e 560
n 35.5148 3179 3180
e 342
e 1266
n 37.1793 3181 3182
e 1442
n 38.0796 3183 3184
n 39.8861 3185 3186
n 43.2614 3187 3188
n 43.1751 3189 3190
e 263
e 1665
n 48.6742 3191 3192
e 2000
e 59
e 818
e 1045
e 2104
n 42.9315 3193 3194
e 1282
n 40.9929 3195 3196
e 1795
e 1684
e 1373
e 400
n 51.0694 3197 3198
n 47.6977 3199 3200
e 1639
n 44.9931 3201 3202
n 46.768 3203 3204
n 54.0054 3205 3206
n 50.6132 3207 3208
e 179
e 1871
e 414
e 1352
n 30.4229 3209 3210
n 31.6677 3211 3212
e 189
e 1379
e 471
e 1426
e 1401
e 1943
e 697
e 613
e 2033
e 363
e 889
n 47.9097 3213 3214
n 50.4701 3215 3216
e 1034
n 48.6368 3217 3218
e 914
n 50.1017 3219 3220
n 52.378 3221 3222
n 50.1359 3223 3224
n 50.5578 3225 3226
n 45.3968 3227 3228
e 1634
e 989
e 2148
e 1686
e 1988
e 1621
e 1107
e 1827
e 647
n 39.8624 3229 3230
n 41.9005 3231 3232
n 42.4952 3233 3234
n 44.0085 3235 3236
e 982
n 37.8896 3237 3238
e 1588
e 1298
e 235
e 1702
n 48.1457 3239 3240
e 1574
n 55.41 3241 3242
n 55.6604 3243 3244
e 94
e 808
n 49.2669 3245 3246
e 1424
e 1729
n 52.8583 3247 3248
e 583
e 2027
e 262
e 558
n 52.5101 3249 3250
n 56.6222 3251 3252
e 2123
n 50.2676 3253 3254
e 1973
n 48.9748 3255 3256
e 1733
e 1099
e 38
e 173
e 570
n 69.449 3257 3258
e 66
n 63.2056 3259 3260
e 1493
e 2043
e 1924
n 66.2619 3261 3262
e 354
n 67.8402 3263 3264
e 1741
n 59.0189 3265 3266
e 1718
n 59.8387 3267 3268
e 348
e 2079
n 58.8113 3269 3270
e 349
n 60.1314 3271 3272
e 2152
e 2100
e 1893
e 881
e 1244
e 236
e 465
e 1444
e 241
e 1307
e 1880
e 1580
e 1957
e 1777
e 2143
n 67.697 3273 3274
n 64.3546 3275 3276
n 75.6157 3277 3278
n 78.2138 3279 3280
e 2042
n 73.977 3281 3282
n 67.4411 3283 3284
e 990
e 127
e 437
e 269
e 2032
e 1562
n 65.6719 3285 3286
n 65.4584 3287 3288
n 67.4126 3289 3290
e 1975
n 77.6498 3291 3292
n 77.0436 3293 3294
n 73.9286 3295 3296
e 162
e 870
n 81.7234 3297 3298
e 547
n 94.909 3299 3300
e 2090
e 1400
e 1932
e 819
e 857
n 88.6959 3301 3302
n 85.4662 3303 3304
e 421
n 91.1718 3305 3306
e 1848
e 1637
e 1273
e 1723
n 86.4569 3307 3308
e 1029
e 1812
n 100.15 3309 3310
e 1583
e 638
e 2082
e 329
e 722
e 1156
e 919
e 1480
e 1203
e 659
e 2006
e 1638
e 1697
n 73.9818 3311 3312
e 1395
e 1301
e 387
e 884
e 287
e 1690
e 1345
e 259
e 2154
e 795
e 350
n 84.0011 3313 3314
e 1525
e 425
e 1184
n 97.9196 3315 3316
e 1092
e 929
e 1142
e 131
e 1482
e 593
e 1923
e 69
e 687
e 1155
e 233
n 79.7575 3317 3318
e 620
e 1265
n 76.9823 3319 3320
n 75.9856 3321 3322
e 2083
e 1556
e 1219
e 527
n 67.9887 3323 3324
e 1220
e 1248
n 66.5653 3325 3326
n 61.7485 3327 3328
e 1703
n 64.59 3329 3330
e 1681
e 757
n 70.6806 3331 3332
e 1561
n 86.3044 3333 3334
e 1145
e 971
e 1100
e 369
e 390
e 1375
e 1195
e 515
n 82.7735 3335 3336
e 1555
e 1826
e 1390
e 89
e 646
e 1817
e 255
e 667
e 1622
e 322
e 1677
e 39
e 2121
e 1900
e 2164
e 1494
e 1934
e 546
e 816
e 320
e 813
e 458
n 54.679 3337 3338
e 399
e 1206
n 85.7796 3339 3340
e 216
n 90.6681 3341 3342
e 2165
n 47.644 3343 3344
e 353
e 650
e 2166
n 91.0725 3345 3346
e 1754
n 98.947 3347 3348
n 100.74 3349 3350
n 99.6769 3351 3352
e 1515
e 96
e 1231
n 98.2176 3353 3354
e 2076
e 948
n 97.9967 3355 3356
e 1363
n 110.535 3357 3358
n 112.85 3359 3360
e 1213
n 97.5456 3361 3362
n 97.3096 3363 3364
e 2021
n 95.4669 3365 3366
e 1186
n 108.941 3367 3368
e 1247
n 106.365 3369 3370
e 1522
e 1528
n 101.677 3371 3372
e 1749
n 116.271 3373 3374
n 115.492 3375 3376
n 112.825 3377 3378
e 1750
e 944
n 55.5058 3379 3380
e 1661
e 1325
e 589
e 1366
e 1293
e 980
e 1182
e 1961
n 118.111 3381 3382
e 1747
e 157
n 52.4095 3383 3384
e 1342
e 689
e 124
n 74.9914 3385 3386
n 71.903 3387 3388
e 1077
n 57.81 3389 3390
e 1726
e 865
e 721
e 1691
n 70.0766 3391 3392
n 80.6722 3393 3394
n 75.0287 3395 3396
n 77.1543 3397 3398
n 76.2481 3399 3400
e 172
e 1987
n 76.3141 3401 3402
e 1274
e 1287
n 78.3007 3403 3404
e 602
n 88.2582 3405 3406
n 86.0305 3407 3408
e 240
e 402
n 96.7953 3409 3410
e 2047
e 988
e 221
n 98.2415 3411 3412
e 852
n 94.8334 3413 3414
n 103.941 3415 3416
n 108.723 3417 3418
e 1653
e 1251
n 93.0101 3419 3420
e 559
n 90.6632 3421 3422
n 90.3107 3423 3424
e 1326
e 719
e 136
e 377
n 87.1256 3425 3426
n 89.4314 3427 3428
n 93.1394 3429 3430
n 86.6655 3431 3432
e 1930
e 1242
n 106.429 3433 3434
n 104.37 3435 3436
e 454
e 164
e 525
e 475
e 1020
e 371
n 99.5066 3437 3438
e 1487
e 1513
e 1042
e 1991
e 2093
e 10
e 1600
n 107.709 3439 3440
n 110.38 3441 3442
n 120.319 3443 3444
n 119.185 3445 3446
n 120.137 3447 3448
n 115.23 3449 3450
e 1933
e 1950
e 1270
e 1177
n 119.959 3451 3452
e 1357
e 953
n 107.356 3453 3454
n 107.057 3455 3456
e 1043
n 118.175 3457 3458
e 882
n 117.068 3459 3460
n 115.531 3461 3462
e 2073
e 1285
e 1188
e 1290
n 119.056 3463 3464
e 1593
e 1284
e 931
e 1904
e 2162
e 132
e 713
e 1232
e 1606
e 643
e 847
e 1879
e 108
e 2096
e 1252
e 1927
e 580
e 920
e 1546
e 1913
e 1815
n 122.854 3465 3466
n 123.2 3467 3468
n 130.796 3469 3470
e 1000
e 459
e 611
e 1126
e 1116
e 1419
n 123.48 3471 3472
e 1096
e 1734
e 1998
n 124.498 3473 3474
n 126.269 3475 3476
e 1856
e 995
e 1197
n 130.583 3477 3478
n 130.086 3479 3480
e 2098
n 138.682 3481 3482
n 157.972 3483 3484
e 1314
e 1386
e 859
e 1317
e 939
e 1367
e 996
e 1673
e 651
e 330
e 966
n 179.314 3485 3486
n 179.541 3487 3488
e 717
e 2070
e 1770
n 180.753 3489 3490
e 1660
e 879
e 1969
e 1318
e 1928
e 1602
n 169.325 3491 3492
e 1937
e 1336
e 1654
e 1316
e 1351
e 1185
e 947
e 797
e 1275
n 181.433 3493 3494
n 181.821 3495 3496
n 182.388 3497 3498
n 182.683 3499 3500
n 183.152 3501 3502
e 1659
n 184.336 3503 3504
n 184.909 3505 3506
n 185.112 3507 3508
n 185.609 3509 3510
n 185.578 3511 3512
n 186.132 3513 3514
n 188.088 3515 3516
n 186.706 3517 3518
e 2126
n 186.94 3519 3520
n 187.316 3521 3522
n 187.676 3523 3524
e 1237
e 228
e 1959
n 20.0996 3525 3526
n 58.2796 3527 3528
n 60.4614 3529 3530
e 1161
e 1938
e 248
e 586
n 60.3316 3531 3532
e 1744
e 945
n 59.3702 3533 3534
e 1885
n 77.9505 3535 3536
e 2051
e 839
n 77.0743 3537 3538
n 79.0157 3539 3540
n 81.3148 3541 3542
e 1329
e 576
e 1838
e 1949
e 2069
e 707
e 2113
e 582
e 1454
e 1204
e 1016
e 815
e 50
n 79.0058 3543 3544
n 87.943 3545 3546
n 95.4056 3547 3548
n 99.528 3549 3550
e 541
e 308
e 1320
e 1120
e 623
e 1778
e 1037
n 82.0371 3551 3552
e 1519
e 469
e 1804
e 247
e 1951
e 780
n 79.2831 3553 3554
e 1664
e 1243
n 78.9842 3555 3556
e 1818
n 62.6802 3557 3558
n 80.3616 3559 3560
e 484
e 644
n 76.6961 3561 3562
e 327
n 94.8108 3563 3564
e 2014
e 1292
e 1339
e 1757
e 1784
n 99.4767 3565 3566
e 1862
n 88.1445 3567 3568
n 87.3561 3569 3570
e 911
n 99.5215 3571 3572
e 1678
e 502
e 1412
n 90.8294 3573 3574
e 1700
n 92.4755 3575 3576
e 809
n 101.667 3577 3578
n 99.996 3579 3580
e 57
e 933
e 1646
n 95.2109 3581 3582
e 930
n 91.5689 3583 3584
e 2066
e 976
n 98.7 3585 3586
n 100.804 3587 3588
e 1271
e 1524
e 1516
e 1153
e 1765
e 463
e 170
e 553
e 608
e 1384
e 1579
n 78.2363 3589 3590
e 415
n 90.2942 3591 3592
e 674
e 534
e 1523
e 1088
e 598
e 1717
n 32.0807 3593 3594
n 31.2711 3595 3596
e 1353
e 101
e 654
n 53.5856 3597 3598
e 765
e 1687
e 1003
e 304
e 1755
e 1168
e 2135
n 26.2674 3599 3600
e 276
e 1027
e 495
e 1800
e 1504
n 76.2988 3601 3602
e 1218
e 867
e 1128
n 77.0536 3603 3604
n 66.9126 3605 3606
n 74.8007 3607 3608
e 1309
e 544
n 99.8185 3609 3610
n 89.2742 3611 3612
e 2046
e 1696
e 24
e 2134
n 65.4866 3613 3614
n 68.8573 3615 3616
n 63.7885 3617 3618
e 1394
e 1199
e 679
n 83.9356 3619 3620
e 318
e 1119
n 117.804 3621 3622
e 1775
e 54
n 108.853 3623 3624
e 1049
e 1915
n 106.841 3625 3626
e 630
e 677
e 1129
e 1909
e 796
e 827
e 2159
e 2081
e 619
e 1230
n 107.615 3627 3628
n 105.653 3629 3630
e 214
e 204
e 1058
e 832
n 189.752 3631 3632
e 1123
n 190.422 3633 3634
n 190.897 3635 3636
n 191.763 3637 3638
e 676
e 1072
e 1942
e 1169
n 192.675 3639 3640
e 1613
n 193.685 3641 3642
e 47
n 120.622 3643 3644
n 105.541 3645 3646
e 897
n 129.09 3647 3648
n 131.06 3649 3650
e 301
e 584
n 115.437 3651 3652
e 441
n 131.345 3653 3654
e 1191
n 130.613 3655 3656
n 130.344 3657 3658
e 273
n 106.738 3659 3660
n 124.308 3661 3662
e 1297
n 131.689 3663 3664
n 123.366 3665 3666
e 16
n 113.945 3667 3668
n 129.002 3669 3670
n 129.293 3671 3672
e 461
e 959
e 1017
e 1164
e 1720
e 1725
e 2109
n 149.849 3673 3674
n 139.129 3675 3676
e 392
e 141
n 156.214 3677 3678
n 153.15 3679 3680
n 167.894 3681 3682
e 940
e 1229
e 312
e 1756
e 2084
n 161.443 3683 3684
n 144.605 3685 3686
e 2132
e 568
e 871
e 147
n 159.688 3687 3688
e 494
n 157.631 3689 3690
e 1538
e 635
e 361
n 111.761 3691 3692
e 627
e 1981
e 1467
e 249
e 1233
e 1821
e 2080
e 2009
e 903
e 267
e 1509
e 1110
n 115.466 3693 3694
e 347
n 109.901 3695 3696
e 1028
n 129.644 3697 3698
e 28
e 2133
e 215
e 1845
e 176
n 132.043 3699 3700
e 411
e 1772
e 624
e 1701
e 1021
e 1385
n 106.848 3701 3702
e 1994
e 1727
e 92
e 1977
e 1607
n 111.19 3703 3704
e 1793
e 2089
e 1929
e 2067
n 138.67 3705 3706
e 896
e 688
e 1321
n 138.249 3707 3708
e 314
e 1790
e 78
n 161.539 3709 3710
n 149.442 3711 3712
e 497
e 1061
e 19
n 143.622 3713 3714
e 1766
e 2007
e 122
n 154.308 3715 3716
e 1919
n 154.817 3717 3718
e 1731
e 1415
n 70.7982 3719 3720
e 219
e 1801
e 2017
e 504
e 319
e 1036
e 388
e 829
e 640
n 69.9918 3721 3722
e 355
e 1807
e 1881
e 464
e 303
n 63.9006 3723 3724
e 1354
e 1670
e 309
e 1032
e 1875
n 125.137 3725 3726
e 480
n 135.95 3727 3728
e 1644
n 136.418 3729 3730
e 1236
e 2003
e 1132
e 146
e 1350
e 1435
n 138.949 3731 3732
e 1172
n 110.071 3733 3734
e 467
n 111.714 3735 3736
e 1144
n 127.397 3737 3738
e 1798
n 123.879 3739 3740
e 779
e 482
e 604
n 134.865 3741 3742
e 6
n 137.236 3743 3744
e 2058
e 691
e 1001
e 2063
n 124.842 3745 3746
e 755
e 1429
e 918
e 579
e 1404
e 1094
e 1632
e 2097
e 1541
e 1978
e 1348
e 1443
e 2149
e 505
n 137.804 3747 3748
e 2053
n 131.872 3749 3750
e 83
e 2156
e 192
e 500
n 140.053 3751 3752
e 956
n 142.491 3753 3754
e 1118
e 1311
n 43.4418 3755 3756
e 1011
e 1569
e 378
n 55.5602 3757 3758
n 53.6168 3759 3760
n 54.0122 3761 3762
n 47.9894 3763 3764
n 44.0629 3765 3766
n 46.4463 3767 3768
n 40.8015 3769 3770
e 1616
n 58.1307 3771 3772
e 466
e 1590
e 1234
e 138
n 51.0667 3773 3774
n 48.7572 3775 3776
e 1539
e 777
n 46.8846 3777 3778
e 1447
n 47.7634 3779 3780
n 48.2345 3781 3782
n 48.2842 3783 3784
n 49.3316 3785 3786
e 383
n 85.7562 3787 3788
e 2005
n 116.036 3789 3790
e 577
e 695
e 207
n 134.119 3791 3792
n 67.2814 3793 3794
e 1571
e 709
e 794
n 47.2296 3795 3796
e 205
e 1656
e 360
e 2057
e 833
e 397
e 433
n 54.9798 3797 3798
n 59.5325 3799 3800
e 1022
e 2036
e 370
e 1393
e 1377
n 137.353 3801 3802
e 1947
e 1452
e 1828
e 1030
e 3
e 993
e 1303
e 1136
e 180
e 1783
n 147.123 3803 3804
e 1796
e 2052
e 1484
n 160.18 3805 3806
n 158.922 3807 3808
n 158.736 3809 3810
n 162.784 3811 3812
e 261
e 1125
n 157.979 3813 3814
e 1599
e 1967
e 1264
n 162.277 3815 3816
e 1722
e 2026
n 150.227 3817 3818
e 1603
n 149.565 3819 3820
n 160.083 3821 3822
n 162.574 3823 3824
e 955
n 161.841 3825 3826
e 715
n 145.635 3827 3828
e 218
n 144.552 3829 3830
n 161.431 3831 3832
e 2068
n 156.224 3833 3834
n 158.716 3835 3836
e 693
n 177.934 3837 3838
e 1791
n 173.441 3839 3840
n 183.849 3841 3842
n 190.386 3843 3844
n 171.291 3845 3846
n 172.848 3847 3848
e 430
n 169.547 3849 3850
e 924
n 192.685 3851 3852
e 2018
e 2168
e 1596
n 168.155 3853 3854
e 143
n 167.773 3855 3856
e 1899
n 185.672 3857 3858
e 973
e 806
e 1194
n 170.863 3859 3860
e 295
n 187.802 3861 3862
e 1135
e 1542
e 150
n 177.451 3863 3864
n 181.958 3865 3866
n 178.188 3867 3868
e 1497
e 760
e 8
e 376
e 817
n 174.618 3869 3870
e 1769
n 154.232 3871 3872
n 154.215 3873 3874
n 148.685 3875 3876
n 177.019 3877 3878
n 179.219 3879 3880
n 178.485 3881 3882
n 176.235 3883 3884
e 1340
e 1053
n 172.914 3885 3886
e 2044
n 184.027 3887 3888
e 45
e 845
n 180.41 3889 3890
n 191.861 3891 3892
n 192.931 3893 3894
n 195.07 3895 3896
n 195.666 3897 3898
n 211.074 3899 3900
e 1965
e 165
n 213.2 3901 3902
e 460
n 193.716 3903 3904
e 965
e 854
e 740
e 1261
n 189.583 3905 3906
e 129
e 35
n 195.565 3907 3908
e 321
e 1682
n 209.433 3909 3910
e 1582
n 218.304 3911 3912
e 607
e 575
e 1785
n 150.317 3913 3914
e 1057
e 629
e 1626
e 843
n 165.726 3915 3916
e 1794
e 1059
n 147.365 3917 3918
e 413
n 153.532 3919 3920
n 154.664 3921 3922
n 167.064 3923 3924
e 753
n 162.459 3925 3926
e 899
e 574
e 1586
n 164.104 3927 3928
n 164.563 3929 3930
n 151.394 3931 3932
e 1713
e 160
e 1370
n 159.305 3933 3934
e 46
n 178.182 3935 3936
n 174.497 3937 3938
n 174.751 3939 3940
n 173.586 3941 3942
n 186.188 3943 3944
n 183.323 3945 3946
e 1948
n 183.956 3947 3948
n 175.148 3949 3950
n 179.407 3951 3952
e 1472
n 178.822 3953 3954
e 958
n 194.423 3955 3956
e 416
e 1506
e 729
e 625
e 73
n 174.891 3957 3958
e 1289
n 184.388 3959 3960
n 181.722 3961 3962
e 1964
n 188.426 3963 3964
e 1890
e 822
e 975
e 1014
n 164.612 3965 3966
n 179.11 3967 3968
n 186.286 3969 3970
e 698
n 191.175 3971 3972
e 727
e 1255
n 177.188 3973 3974
e 981
e 503
n 189.2 3975 3976
e 513
e 74
e 297
n 164.476 3977 3978
e 139
e 1249
e 2095
e 1268
e 151
e 639
e 1331
e 2155
e 977
n 198.548 3979 3980
e 2061
n 200.87 3981 3982
n 206.622 3983 3984
e 984
n 205.77 3985 3986
n 207.534 3987 3988
n 206.112 3989 3990
n 206.353 3991 3992
n 206.987 3993 3994
n 206.653 3995 3996
n 221.063 3997 3998
e 317
e 1308
e 375
e 696
e 1694
n 197.471 3999 4000
e 2087
e 756
n 213.279 4001 4002
n 208.889 4003 4004
n 211.188 4005 4006
e 969
e 1894
n 221.462 4007 4008
n 220.22 4009 4010
e 663
n 225.978 4011 4012
n 17.2336 4013 4014
e 2101
e 1081
e 1566
e 1545
e 1431
e 1330
e 1492
e 1573
e 886
e 427
e 213
e 949
e 2110
e 1712
e 274
e 1533
e 366
e 250
e 1945
e 365
e 590
e 1917
e 149
n 39.9208 4015 4016
e 597
e 1841
e 509
e 1567
e 1250
n 53.1846 4017 4018
e 2045
e 1837
e 1245
e 592
e 1117
e 1124
e 874
e 1692
e 909
e 2106
n 65.1423 4019 4020
e 1280
n 45.1768 4021 4022
e 440
e 1836
e 1976
e 1478
e 883
e 152
e 790
e 831
e 823
e 2141
e 1389
e 264
e 121
e 1861
e 1865
e 1980
e 2
e 1560
e 296
e 442
e 744
e 2160
e 1956
e 522
e 95
e 15
e 1614
e 685
e 1083
e 2124
n 72.4526 4023 4024
e 510
n 70.34 4025 4026
e 2029
e 364
n 72.983 4027 4028
e 789
e 1760
e 1554
e 282
e 410
e 1138
e 362
e 1192
e 1409
e 986
n 117.485 4029 4030
n 119.275 4031 4032
e 1365
e 599
e 769
e 115
e 2071
e 1044
e 2001
e 419
e 761
e 2151
e 2078
e 1171
e 792
e 913
e 1903
e 1786
e 62
e 1840
e 600
e 1074
e 1527
e 1910
e 842
e 802
e 538
e 202
e 1015
e 1098
e 912
e 420
e 191
e 562
e 1458
e 316
n 87.5079 4033 4034
e 401
e 864
n 82.5838 4035 4036
e 540
e 2150
e 389
e 1141
e 1780
e 878
e 932
n 82.1262 4037 4038
e 472
e 1212
e 1876
e 1870
e 1073
e 1672
e 34
e 1319
e 1089
e 1294
e 1709
n 93.036 4039 4040
e 1505
e 451
e 285
e 7
e 4
e 1479
e 489
e 1595
e 754
e 99
e 1581
e 1846
e 43
e 825
e 1788
e 158
e 338
e 788
e 1413
e 493
e 368
e 1137
e 2144
e 386
e 957
e 572
e 1740
e 1863
e 1468
e 885
e 1131
e 2136
e 609
e 738
e 2059
e 1040
e 200
e 656
e 1475
e 1445
e 742
e 585
e 890
e 555
e 1547
n 112.17 4041 4042
e 892
e 621
e 523
e 1521
e 979
e 326
e 1627
e 1436
e 244
e 432
e 1971
e 1715
e 773
e 672
e 206
e 1810
e 1914
e 81
e 1056
n 99.5969 4043 4044
e 1612
n 111.964 4045 4046
e 1851
e 1104
e 1356
e 1823
e 196
n 109.103 4047 4048
e 446
e 963
e 1450
e 105
e 571
e 1587
e 1263
e 636
e 664
n 119.518 4049 4050
e 1075
e 1216
e 1982
e 1347
e 1610
e 0
e 964
e 1996
n 134.929 4051 4052
e 1465
e 426
e 290
e 1916
n 142.832 4053 4054
e 834
e 29
n 142.827 4055 4056
e 226
e 2138
e 256
e 1067
n 147.546 4057 4058
e 521
e 1315
e 775
n 147.613 4059 4060
e 1866
e 759
e 1576
e 1548
e 1633
e 898
e 2105
n 124.377 4061 4062
e 690
e 1437
n 126.085 4063 4064
e 617
e 1649
e 1662
e 1416
e 1944
e 343
n 146.174 4065 4066
e 1113
e 1481
e 181
e 1657
e 1891
e 1889
e 1776
e 1102
e 653
e 106
e 1399
e 549
e 1414
e 2060
e 974
e 962
e 232
e 2037
e 1872
e 1732
e 1563
e 56
e 1304
e 730
n 133.674 4067 4068
e 1822
e 2055
e 1103
e 1739
e 861
e 1278
e 1728
e 791
e 163
e 1069
e 1508
e 2035
e 967
n 145.497 4069 4070
e 2127
n 147.713 4071 4072
e 380
e 1121
e 748
n 136.506 4073 4074
n 137.308 4075 4076
e 1782
e 193
e 1238
n 146.915 4077 4078
e 631
e 2161
n 145.151 4079 4080
e 1085
e 1383
n 145.154 4081 4082
e 1568
e 941
e 450
e 1449
e 1735
e 1076
e 735
e 1544
e 923
n 130.151 4083 4084
e 1536
e 351
e 2120
e 2131
n 133.337 4085 4086
e 209
n 133.905 4087 4088
e 743
e 112
e 1931
e 1658
n 135.538 4089 4090
n 136.894 4091 4092
e 1407
e 2016
e 113
e 1611
e 733
n 140.152 4093 4094
e 340
n 140.589 4095 4096
n 140.866 4097 4098
n 141.08 4099 4100
e 901
e 345
n 141.761 4101 4102
e 1641
e 731
n 142.828 4103 4104
e 1940
e 784
e 887
e 1745
e 902
e 1372
e 1999
e 710
e 699
e 203
e 863
e 649
e 1832
e 1820
e 407
e 772
e 418
e 288
e 683
e 1857
e 1572
e 2153
e 634
e 1953
e 1198
e 119
e 1163
e 1260
e 1013
e 357
e 873
e 1259
e 675
e 372
e 2013
e 588
n 170.283 4105 4106
e 1221
e 1648
e 93
e 291
e 1902
e 824
n 181.924 4107 4108
e 1397
e 1512
e 79
e 272
e 1883
e 1543
e 126
e 928
e 1517
n 154.005 4109 4110
e 424
e 1912
e 498
e 20
e 1179
e 960
e 1084
e 516
e 519
e 1368
e 1079
e 596
e 1737
e 1048
e 109
e 1477
n 176.19 4111 4112
e 1209
e 906
e 294
e 1055
e 764
e 2054
e 1816
e 1453
e 2091
e 1502
n 218.805 4113 4114
e 1112
e 279
e 68
n 186.822 4115 4116
e 1941
e 1147
e 1905
e 1341
e 299
e 821
e 1577
e 404
e 102
e 1806
n 198.682 4117 4118
e 943
e 1518
e 514
e 2107
e 1921
e 1369
e 724
e 1495
n 151.346 4119 4120
n 151.553 4121 4122
n 158.441 4123 4124
n 159.68 4125 4126
e 1019
e 2116
e 1411
e 1038
e 2010
e 190
e 1035
e 1047
e 457
e 692
e 199
e 1609
e 1150
e 1868
e 468
e 175
e 1222
e 344
e 1787
e 506
e 934
e 869
e 2103
e 394
e 1758
e 166
e 1608
n 152.382 4127 4128
e 398
n 158.458 4129 4130
e 1398
n 156.466 4131 4132
e 1451
e 528
e 737
e 2102
e 1761
e 1797
e 1643
e 382
e 1291
e 2072
e 2112
e 1751
e 1097
e 581
e 1689
n 151.895 4133 4134
e 298
e 2128
e 1423
e 1842
e 438
e 1535
e 678
e 359
e 641
e 1122
e 533
e 159
e 1033
e 776
e 110
e 14
e 615
e 1050
e 1520
e 1553
e 140
e 694
e 2039
e 539
e 1834
e 1683
e 31
e 341
n 202.053 4135 4136
e 64
e 227
e 594
e 1462
e 2040
e 711
e 1313
e 1811
e 1422
e 734
e 1187
e 2041
e 937
e 449
e 786
e 1676
e 1446
e 1312
n 205.316 4137 4138
e 1738
e 778
e 768
n 173.93 4139 4140
e 1087
e 1526
e 443
e 745
e 1406
e 2002
n 188.494 4141 4142
n 190.527 4143 4144
e 118
e 1111
e 655
e 648
e 422
e 393
e 1833
e 751
e 1093
e 499
e 265
e 428
e 133
e 1226
e 1430
e 87
e 1983
e 880
e 1253
e 1962
e 746
e 968
e 187
e 137
e 848
e 612
e 849
e 1322
e 1175
e 1105
e 1170
e 1813
e 938
n 228.831 4145 4146
e 891
e 1391
e 373
e 828
e 381
e 1601
n 231.264 4147 4148
n 231.44 4149 4150
n 230.831 4151 4152
e 84
n 230.89 4153 4154
n 231.024 4155 4156
n 232.672 4157 4158
n 232.064 4159 4160
e 781
e 306
e 762
e 537
n 218.247 4161 4162
e 1936
e 182
e 491
e 2130
e 1054
e 1031
e 994
e 557
e 1552
n 249.713 4163 4164
e 336
e 2115
n 249.6 4165 4166
e 752
e 490
n 165.374 4167 4168
e 567
e 603
n 154.405 4169 4170
e 1850
n 160.009 4171 4172
n 164.91 4173 4174
n 164.75 4175 4176
e 720
e 1490
e 1181
e 1018
e 1360
e 1814
n 176.168 4177 4178
e 1167
e 178
e 1762
e 1628
e 1985
e 1425
e 171
n 183.453 4179 4180
e 1012
e 921
e 900
e 1886
e 983
e 2085
n 180.911 4181 4182
e 610
e 374
e 1954
e 517
e 22
e 1558
e 1457
e 548
e 1847
e 1109
e 2048
e 1979
e 1272
e 800
e 841
e 524
e 2122
e 435
e 1688
e 799
e 750
e 1101
e 1575
e 564
e 1068
e 1960
e 507
e 403
e 142
e 554
e 1877
e 628
e 1310
n 172.863 4183 4184
e 1565
e 904
e 409
e 601
e 1742
e 1002
e 230
e 367
e 1680
e 155
n 185.371 4185 4186
n 182.106 4187 4188
n 183.198 4189 4190
e 1082
e 85
e 1636
e 188
e 910
e 1281
e 1618
e 2025
e 1196
e 473
e 307
e 946
e 1853
e 238
e 1705
e 395
e 1529
e 42
n 169.906 4191 4192
e 156
e 846
e 2049
e 725
e 231
e 529
e 578
e 1091
e 1402
e 1166
e 2146
e 1922
e 907
e 1215
e 135
n 191.659 4193 4194
e 1774
e 542
e 1388
e 481
n 198.663 4195 4196
e 1625
e 1852
e 1202
e 1262
e 334
e 277
n 201.732 4197 4198
e 30
e 1974
e 1246
e 1190
e 332
e 716
e 2117
e 1911
e 488
n 193.624 4199 4200
e 300
e 531
e 680
e 1387
e 1716
e 618
e 1086
n 192.915 4201 4202
e 820
e 1719
e 1972
e 1039
e 563
e 315
e 1920
n 192.768 4203 4204
n 198.578 4205 4206
e 726
e 811
e 1157
e 1279
e 1210
e 2099
e 1855
e 1176
e 895
e 1200
e 1918
n 209.415 4207 4208
e 535
n 193.191 4209 4210
e 1619
e 908
e 1598
e 637
n 204.155 4211 4212
e 1267
e 120
e 1378
e 1803
e 103
e 704
n 196.514 4213 4214
e 1149
e 1302
e 1427
e 927
e 1063
e 2022
e 1396
e 1605
e 569
e 452
n 205.03 4215 4216
n 205.386 4217 4218
n 205.494 4219 4220
n 205.708 4221 4222
n 206.482 4223 4224
e 1335
e 2064
e 1456
e 246
e 2111
e 714
e 2167
e 1767
e 838
e 840
e 1448
e 662
e 174
e 767
e 1439
e 771
e 798
e 1623
e 229
n 16.2474 4225 4226
e 660
e 2140
e 270
e 747
e 1669
e 1511
e 1328
e 1958
e 1746
n 58.014 4227 4228
e 234
e 2158
e 1174
e 1640
e 835
e 486
e 700
n 72.7433 4229 4230
e 1217
e 1410
e 1004
e 5
e 107
e 1420
e 412
e 80
e 25
e 439
e 1428
e 632
e 1952
e 1208
e 116
e 705
e 1240
e 1675
e 11
e 1006
e 1327
e 1052
e 1594
e 954
e 9
e 302
e 325
e 72
e 741
e 1257
e 331
e 1455
e 1878
e 1724
e 70
e 1051
e 1376
e 37
e 556
e 1235
e 26
e 1970
e 1892
e 1025
e 2031
e 1227
e 1361
e 1993
e 668
e 626
e 1557
e 801
e 670
e 358
e 1946
e 591
e 245
n 160.136 4231 4232
e 153
e 703
e 1024
n 163.592 4233 4234
e 1652
n 163.977 4235 4236
e 1671
n 164.185 4237 4238
e 1433
e 1392
n 164.784 4239 4240
e 1792
e 281
e 260
e 998
e 1898
e 223
e 23
e 1642
e 1695
e 275
e 1501
e 225
e 1008
e 1645
e 812
e 53
e 1228
e 186
e 220
e 100
n 122.918 4241 4242
e 447
e 13
e 686
e 2139
e 1819
e 1698
e 1730
e 770
e 552
e 1884
e 323
e 536
e 27
e 1362
e 254
e 1488
e 728
e 851
e 1668
e 1323
e 855
e 701
e 1471
e 526
n 161.683 4243 4244
e 2004
e 1277
e 807
e 144
e 201
n 165.154 4245 4246
n 165.984 4247 4248
e 1799
e 286
e 888
n 167.024 4249 4250
e 782
e 905
e 324
e 844
e 1989
e 71
e 1332
e 346
e 444
e 2137
e 1540
e 1178
e 991
e 1736
n 157.513 4251 4252
e 1537
e 1485
e 1604
e 2038
e 33
e 785
e 1835
e 305
e 283
e 1214
e 862
e 251
e 749
e 666
e 1005
e 145
e 423
e 1743
e 1334
e 530
e 86
e 356
e 1651
e 1134
e 1146
e 1283
e 1781
e 633
e 645
e 868
e 1752
e 1584
e 1714
e 837
e 434
e 492
e 1180
e 922
e 1779
e 606
e 474
e 1090
n 205.114 4253 4254
n 205.226 4255 4256
n 205.278 4257 4258
n 205.317 4259 4260
n 205.401 4261 4262
e 292
e 758
e 1710
e 1655
e 2086
e 224
e 1095
e 616
e 1773
e 1966
e 1500
e 1489
e 1300
e 1824
e 1026
e 950
e 1708
e 1143
e 723
e 1469
e 284
e 385
e 1108
e 1559
n 47.6118 4263 4264
e 48
e 197
e 52
n 47.7379 4265 4266
e 916
e 1337
e 1286
n 206.156 4267 4268
n 206.223 4269 4270
e 63
n 206.295 4271 4272
n 206.293 4273 4274
n 206.345 4275 4276
e 123
e 60
n 206.422 4277 4278
e 1299
n 230.304 4279 4280
e 512
e 1296
e 2145
n 205.171 4281 4282
n 205.246 4283 4284
e 1333
e 67
e 1405
n 205.368 4285 4286
e 652
e 1498
n 205.426 4287 4288
e 1514
e 1615
e 702
e 1464
e 1906
e 1873
e 1534
e 1374
e 456
e 177
e 2019
e 2118
e 184
