(127.8199609375, 101.8323046875, 56.5162109375)
(47.3113671875, 34.75828125, 29.0558203125)
(57.97421875, 52.719765625, 53.95296875)
(217.4091015625, 180.5173828125, 93.49671875)
(64.0446484375, 76.0252734375, 90.113515625)
(83.4075390625, 72.8996484375, 71.095)
(199.40203125, 163.0264453125, 139.0568359375)
(91.41140625, 81.421171875, 82.2044921875)
(159.088984375, 191.0519921875, 177.1234375)
(147.035390625, 102.337109375, 76.5744921875)
(124.119296875, 116.33625, 108.5421875)
(133.4421875, 94.8171484375, 68.0561328125)
(184.808828125, 130.370625, 36.1964453125)
(158.90046875, 125.3592578125, 105.83390625)
(172.2475390625, 152.9712109375, 163.52203125)
(75.3216015625, 55.778828125, 48.354140625)
(176.0203125, 145.5305859375, 119.4238671875)
(50.891484375, 47.6236328125, 33.395078125)
(101.438671875, 128.6953125, 144.4386328125)
(224.410625, 137.916171875, 144.9812890625)
(172.593671875, 121.7852734375, 91.115078125)
(120.654921875, 122.2145703125, 122.2113671875)
(150.699921875, 157.3500390625, 176.7721484375)
(182.1087109375, 147.4917578125, 76.0182421875)
(213.188515625, 133.506796875, 67.0127734375)
(111.628125, 95.177109375, 87.3290234375)
(135.0005078125, 132.3119921875, 122.391796875)
(201.5562109375, 149.818671875, 110.5425390625)
(180.79328125, 146.8736328125, 123.474375)
(141.051484375, 95.0987890625, 81.9808984375)
(209.4712890625, 158.634140625, 161.2716796875)
(200.9268359375, 146.1631640625, 106.015546875)
(173.6259765625, 102.811875, 192.841015625)
(176.331640625, 162.5831640625, 147.7863671875)
(88.90921875, 78.640078125, 64.10046875)
(178.2211328125, 184.2391796875, 196.1880859375)
(143.5284765625, 139.5149609375, 79.2994140625)
(146.30734375, 128.2021875, 114.6284375)
(139.043984375, 86.9143359375, 52.80890625)
(130.5335546875, 89.4910546875, 85.6153515625)
(13.103203125, 41.32890625, 208.904765625)
(145.469921875, 135.62109375, 102.83296875)
(169.6846875, 188.313984375, 187.3098828125)
(86.13046875, 86.731484375, 86.357890625)
(79.692890625, 88.0220703125, 88.7075390625)
(185.5465625, 198.196484375, 184.6198046875)
(230.203671875, 189.6510546875, 155.6900390625)
(150.3863671875, 132.087578125, 118.189140625)
(230.8745703125, 165.29765625, 47.636640625)
(129.7758203125, 81.8447265625, 90.2602734375)
(157.082265625, 110.62875, 78.2605078125)
(175.7833984375, 106.9946484375, 194.5201953125)
(231.70140625, 166.0177734375, 47.69953125)
(197.425, 142.36734375, 65.660546875)
(157.8287109375, 113.575625, 122.1972265625)
(180.5980078125, 110.2464453125, 130.9901953125)
(126.6519921875, 123.2621484375, 120.7314453125)
(175.1701953125, 128.1670703125, 101.5767578125)
(157.7913671875, 138.8637109375, 63.4789453125)
(44.1814453125, 35.0473046875, 55.268671875)
(205.4406640625, 205.323984375, 206.3823828125)
(77.14953125, 70.5122265625, 78.3055078125)
(108.3916015625, 87.0402734375, 50.068203125)
(205.350625, 205.198125, 206.2923046875)
(197.42640625, 150.366875, 112.648828125)
(211.62921875, 164.776328125, 71.5746875)
(56.0913671875, 58.6909375, 58.8121875)
(205.345546875, 205.1898828125, 206.2443359375)
(188.9781640625, 129.1773828125, 77.500546875)
(99.541796875, 87.320234375, 68.7913671875)
(131.5255078125, 117.6937109375, 120.060234375)
(249.818984375, 171.7459375, 54.8551171875)
(149.0309375, 111.862109375, 79.848125)
(219.1400390625, 164.23296875, 170.0584375)
(215.3001171875, 198.632578125, 153.18203125)
(136.2473828125, 178.908203125, 221.537265625)
(137.3297265625, 177.5054296875, 168.167421875)
(120.913671875, 128.785078125, 141.76078125)
(185.3734375, 151.144609375, 144.3658984375)
(158.5962890625, 121.4601953125, 96.1855859375)
(93.9743359375, 77.9492578125, 78.87125)
(67.52625, 107.1827734375, 110.78203125)
(122.1984765625, 133.7418359375, 145.0229296875)
(194.9018359375, 177.24265625, 119.628828125)
(231.0493359375, 165.01828125, 47.176953125)
(189.6040625, 177.8725390625, 176.9453515625)
(192.0951171875, 165.52265625, 151.5137109375)
(201.1884375, 176.3256640625, 134.018125)
(176.9395703125, 177.9729296875, 141.189609375)
(102.328515625, 92.7937890625, 115.1067578125)
(135.996875, 159.4935546875, 151.6652734375)
(0.0, 0.0, 0.0)
(208.5316015625, 139.1687890625, 129.708203125)
(176.7353515625, 145.9565625, 62.36984375)
(98.9579296875, 64.688046875, 55.9920703125)
(74.563359375, 55.49953125, 47.4653125)
(88.32265625, 95.231875, 116.288125)
(50.0303515625, 172.661796875, 45.6341015625)
(137.8312890625, 63.7173828125, 152.790078125)
(81.1098828125, 80.996015625, 85.725234375)
(149.74953125, 121.1659765625, 111.6048828125)
(199.3204296875, 138.5001953125, 35.340546875)
(191.4751953125, 147.540625, 91.5791796875)
(236.491640625, 197.3671484375, 163.571640625)
(221.2269921875, 202.9094921875, 145.8284765625)
(121.3687109375, 111.9387890625, 102.18359375)
(146.0055859375, 110.26125, 87.8846484375)
(81.3291796875, 75.82984375, 75.2391015625)
(56.400625, 137.895703125, 224.5827734375)
(178.8410546875, 144.537734375, 98.863203125)
(175.0490234375, 151.6140625, 151.7398046875)
(74.3390234375, 93.0090234375, 112.785)
(134.8798046875, 159.5680859375, 182.293359375)
(138.839765625, 162.6791796875, 184.62140625)
(95.1829296875, 108.7211328125, 133.2184375)
(94.5400390625, 66.889765625, 50.14546875)
(107.9983203125, 108.6056640625, 111.3843359375)
(37.69640625, 75.141953125, 141.63234375)
(200.81609375, 162.040390625, 110.9681640625)
(165.11234375, 111.6202734375, 76.4585546875)
(197.147109375, 202.8155078125, 177.3430078125)
(66.3323046875, 53.7765625, 40.7697265625)
(213.4392578125, 151.492578125, 151.492578125)
(205.438359375, 205.3098828125, 206.3876171875)
(126.7446875, 95.52671875, 80.282890625)
(181.722734375, 136.4316015625, 161.6311328125)
(157.6078515625, 138.3064453125, 89.8014453125)
(77.013515625, 77.908125, 77.40828125)
(169.0176953125, 147.2714453125, 79.611171875)
(187.0027734375, 188.567265625, 192.0052734375)
(114.41546875, 74.4791796875, 54.126796875)
(109.3821484375, 78.12265625, 109.678359375)
(112.9894921875, 105.4121875, 126.6744921875)
(192.0296875, 174.719765625, 132.6804296875)
(46.49328125, 132.47609375, 223.4682421875)
(193.197421875, 163.9513671875, 147.672421875)
(144.8239453125, 95.3822265625, 105.2051953125)
(212.9298046875, 159.756875, 58.84328125)
(246.8496484375, 161.940546875, 23.381171875)
(224.8115625, 194.317890625, 186.830703125)
(191.1330078125, 140.2019140625, 103.61109375)
(150.3680078125, 148.927734375, 164.8963671875)
(189.914453125, 174.315390625, 185.891484375)
(181.408515625, 163.0405859375, 172.0112109375)
(230.8183984375, 164.8069140625, 46.6078515625)
(182.223125, 181.5078125, 176.981015625)
(185.7717578125, 160.87125, 123.925703125)
(165.681484375, 150.5669921875, 153.168828125)
(119.91859375, 150.979765625, 75.78171875)
(37.52171875, 28.3794140625, 23.025625)
(171.4087109375, 178.529453125, 182.0203125)
(218.94734375, 202.6201171875, 182.35375)
(60.5273046875, 36.508828125, 43.065859375)
(136.7709765625, 160.8760546875, 183.055078125)
(20.14171875, 98.6623046875, 228.316640625)
(187.5696875, 179.1892578125, 152.9032421875)
(157.6639453125, 187.419453125, 202.610703125)
(125.162421875, 95.2023828125, 25.35453125)
(90.6223046875, 93.4457421875, 101.7878125)
(163.606640625, 149.6942578125, 149.5633984375)
(204.90234375, 180.274921875, 154.059140625)
(183.6027734375, 202.38765625, 55.6608984375)
(92.0694140625, 82.5050390625, 69.01796875)
(149.030234375, 119.1276953125, 108.002109375)
(136.5334765625, 129.4388671875, 64.6466015625)
(165.3169921875, 186.96359375, 220.969921875)
(161.39015625, 144.7036328125, 116.262109375)
(131.7520703125, 151.196796875, 188.169140625)
(209.2141796875, 138.8962890625, 25.383203125)
(50.081875, 57.1726171875, 81.7575)
(182.8680859375, 94.7380078125, 66.7682421875)
(173.3263671875, 166.193046875, 162.6355859375)
(146.9478515625, 110.611171875, 37.32203125)
(145.85546875, 93.216015625, 56.71625)
(221.1611328125, 219.8662109375, 219.8662109375)
(174.810703125, 104.530859375, 193.9230078125)
(184.476953125, 152.4667578125, 110.967734375)
(205.3659375, 205.23609375, 206.3025390625)
(183.2415234375, 165.0883203125, 148.17109375)
(65.8485546875, 57.3705859375, 54.2030859375)
(233.2079296875, 204.69015625, 128.884375)
(137.406328125, 109.7491796875, 87.1202734375)
(212.91828125, 163.5387890625, 106.65546875)
(48.491484375, 27.2182421875, 18.6507421875)
(205.434765625, 205.308984375, 206.344453125)
(145.453203125, 167.62203125, 188.02625)
(149.521015625, 123.036796875, 105.517421875)
(222.78390625, 159.817734375, 52.27703125)
(190.7809375, 181.355703125, 170.6772265625)
(146.34828125, 24.808515625, 25.536640625)
(168.7056640625, 90.8684765625, 189.9028515625)
(91.438515625, 64.2841796875, 58.1045703125)
(201.949921875, 178.3295703125, 132.4176953125)
(130.8754296875, 130.8740234375, 130.8727734375)
(133.23921875, 66.6981640625, 78.841796875)
(55.6974609375, 38.8383203125, 21.05671875)
(111.87140625, 108.5657421875, 103.8337890625)
(231.9534375, 165.950546875, 47.48671875)
(246.2898046875, 215.688984375, 143.137265625)
(171.6696484375, 98.192421875, 191.6139453125)
(134.2782421875, 93.17140625, 66.813515625)
(230.842890625, 164.848828125, 46.869140625)
(59.750390625, 63.2903515625, 66.307109375)
(149.5158984375, 103.344296875, 49.1191015625)
(174.3127734375, 126.010546875, 104.7879296875)
(228.445078125, 175.6424609375, 43.698515625)
(104.88953125, 103.0366015625, 94.062265625)
(218.96703125, 168.0090625, 132.077109375)
(21.6355859375, 92.1916796875, 191.8802734375)
(133.386640625, 158.4549609375, 181.5370703125)
(241.2615625, 188.3351953125, 60.746015625)
(4261.312890625, 3621.2316796875, 3079.0473046875)
(140.685546875, 56.624296875, 19.5755859375)
(25.4308203125, 19.2050390625, 23.9046875)
(172.3718359375, 125.22671875, 110.2590625)
(193.1016796875, 146.1751171875, 121.9082421875)
(114.1526171875, 101.08234375, 90.3372265625)
(64.279375, 68.9937109375, 84.1007421875)
(183.194609375, 170.9325, 153.1298046875)
(194.071015625, 156.0903125, 74.4142578125)
(153.17125, 122.6003125, 104.9161328125)
(126.8266796875, 106.857578125, 88.817265625)
(76.478203125, 58.9147265625, 72.5616796875)
(181.7396875, 146.3033984375, 73.2614453125)
(17.8990234375, 16.4397265625, 15.824921875)
(218.438984375, 149.5918359375, 24.442734375)
(142.1537109375, 98.4471484375, 79.8150390625)
(188.41640625, 141.022734375, 137.7548828125)
(153.6900390625, 112.777421875, 39.09359375)
(16.3122265625, 15.7759375, 16.1758203125)
(188.3474609375, 176.48640625, 148.0715625)
(170.379609375, 206.5623046875, 193.369140625)
(127.7291015625, 117.4394140625, 105.1979296875)
(96.0887890625, 82.7362890625, 78.011171875)
(69.0791796875, 60.6871875, 52.2765234375)
(84.0915234375, 66.202421875, 52.3308984375)
(65.7908203125, 64.2267578125, 82.564765625)
(170.36515625, 146.783671875, 119.4616796875)
(165.4988671875, 190.1652734375, 190.312421875)
(187.2073046875, 151.754296875, 125.843671875)
(134.4632421875, 102.2933984375, 84.717578125)
(57.7473046875, 71.221640625, 87.187109375)
(224.686015625, 159.00375, 64.30984375)
(129.093671875, 147.3030078125, 155.033515625)
(92.2537109375, 97.948359375, 98.6809375)
(135.33546875, 160.035625, 182.7777734375)
(195.475625, 209.0733203125, 221.3593359375)
(163.670859375, 139.2379296875, 68.65546875)
(172.2362890625, 100.8903125, 48.0275)
(209.650546875, 135.28921875, 109.1523828125)
(30.3267578125, 29.836640625, 26.3559375)
(185.2845703125, 178.559453125, 175.398046875)
(57.1922265625, 138.35484375, 223.7189453125)
(36.422890625, 127.404296875, 223.31765625)
(204.1063671875, 157.930078125, 71.691015625)
(124.6886328125, 85.4480859375, 111.4426953125)
(149.0330078125, 100.4911328125, 80.3276171875)
(194.605625, 161.4190625, 8.3140625)
(148.9637890625, 137.3130859375, 96.657265625)
(120.6674609375, 80.570859375, 67.4944921875)
(142.829765625, 165.6283203125, 186.605625)
(155.0248828125, 166.6375, 153.735078125)
(132.052890625, 81.4246484375, 49.4529296875)
(47.3713671875, 43.793125, 42.5582421875)
(58.2362109375, 54.327734375, 48.354609375)
(160.839765625, 178.2690625, 122.6359375)
(108.65015625, 92.0510546875, 58.396015625)
(181.275703125, 118.6534375, 198.2335546875)
(118.536015625, 112.3950390625, 134.48421875)
(79.0169921875, 77.774609375, 83.2696484375)
(52.8459765625, 38.01375, 30.7595703125)
(147.330546875, 103.5208984375, 27.2832421875)
(165.990859375, 126.1356640625, 98.953125)
(173.16625, 131.928515625, 106.4442578125)
(29.571640625, 27.614140625, 24.0616015625)
(174.8419921875, 150.5018359375, 102.9340625)
(214.0254296875, 148.9871484375, 31.744453125)
(196.5508984375, 178.8196484375, 161.2112109375)
(86.330078125, 80.8366796875, 83.8956640625)
(189.109375, 129.1949609375, 75.097109375)
(2798.6036328125, 2744.0646484375, 2707.2925390625)
(142.8259375, 165.62390625, 186.6020703125)
(87.7199609375, 59.3349609375, 46.6087890625)
(181.8537890625, 172.0346875, 162.854609375)
(152.0054296875, 122.7878515625, 111.5528125)
(91.2720703125, 84.636953125, 81.242265625)
(232.3505859375, 164.7853125, 48.6706640625)
(119.70875, 68.285546875, 85.3285546875)
(150.4123046875, 96.0203515625, 75.7944921875)
(198.6303515625, 37.696875, 36.6985546875)
(130.4457421875, 110.713046875, 58.2076171875)
(173.300078125, 147.246640625, 62.9905859375)
(205.6970703125, 205.554296875, 206.589921875)
(202.545859375, 161.7075390625, 80.6894921875)
(228.6659765625, 102.092421875, 89.81859375)
(188.86109375, 172.3562890625, 190.848515625)
(59.738125, 55.0477734375, 49.8705859375)
(246.518828125, 193.1017578125, 159.194375)
(159.20546875, 148.506875, 137.983359375)
(197.0089453125, 149.1568359375, 78.0040625)
(194.778984375, 170.2588671875, 171.2119140625)
(155.78546875, 145.3505859375, 121.32828125)
(148.0559375, 102.1612890625, 76.724453125)
(204.1780859375, 167.0869140625, 66.9947265625)
(214.49234375, 132.8801171875, 56.8559765625)
(179.9677734375, 172.090625, 163.81953125)
(232.9965234375, 164.299375, 48.4967578125)
(190.7274609375, 191.202421875, 181.9891796875)
(164.434921875, 118.7837890625, 102.40625)
(206.561328125, 166.160625, 74.235546875)
(239.31390625, 219.620625, 199.00265625)
(176.472578125, 10.1559375, 10.1559375)
(171.5053515625, 139.5878515625, 171.7480078125)
(1.638828125, 19.821875, 46.871796875)
(177.6055859375, 152.6605859375, 135.3784765625)
(195.496953125, 187.1290234375, 175.678359375)
(73.6795703125, 65.2244140625, 59.5916796875)
(197.1176171875, 215.153984375, 221.92703125)
(205.58921875, 151.4363671875, 84.724140625)
(181.8626171875, 160.8884375, 102.723359375)
(62.4175, 105.363046875, 66.724296875)
(186.429453125, 186.0326953125, 199.650625)
(115.047734375, 89.0151171875, 81.925234375)
(151.5783984375, 151.1912890625, 152.068671875)
(217.89796875, 163.047578125, 77.0491796875)
(146.19453125, 110.3137109375, 82.1344140625)
(122.3552734375, 105.6842578125, 92.4247265625)
(157.853828125, 119.2733203125, 95.037578125)
(0.0, 0.0, 0.0)
(103.1675, 73.66765625, 79.8202734375)
(126.2255859375, 153.0405078125, 177.72125)
(125.786796875, 111.9667578125, 102.5209765625)
(205.513359375, 176.59453125, 150.8465234375)
(194.477421875, 175.76609375, 89.0965625)
(191.52265625, 178.7041796875, 168.8173828125)
(165.84796875, 67.9303125, 226.299765625)
(249.78265625, 172.0012109375, 55.4458984375)
(4498.45796875, 3878.4278515625, 2913.2136328125)
(109.0265234375, 80.333984375, 72.8871875)
(179.844296875, 191.0327734375, 160.2238671875)
(140.352734375, 163.8495703125, 185.5030859375)
(200.3998046875, 147.1058984375, 107.681328125)
(64.4570703125, 47.43265625, 26.123203125)
(145.38453125, 97.2264453125, 85.794453125)
(152.197734375, 139.74375, 121.288125)
(141.977109375, 164.8362890625, 185.8920703125)
(250.1224609375, 173.97515625, 59.8233984375)
(184.559765625, 145.2595703125, 114.6529296875)
(73.3337109375, 61.660546875, 65.6907421875)
(75.47953125, 71.4221484375, 61.25984375)
(136.75953125, 75.064453125, 76.31109375)
(132.28625, 157.52, 180.7771875)
(238.7523046875, 54.863359375, 49.8317578125)
(121.1716015625, 113.228203125, 46.7532421875)
(66.41890625, 62.38109375, 65.019296875)
(205.8955859375, 160.8062890625, 61.58875)
(197.3606640625, 179.038515625, 152.850078125)
(159.746328125, 108.45234375, 93.4541015625)
(133.5204296875, 158.406640625, 181.3330859375)
(153.1730078125, 154.21140625, 181.8844921875)
(230.638828125, 177.9384375, 40.2570703125)
(186.7236328125, 120.432109375, 109.4290234375)
(114.4141796875, 68.870859375, 41.845625)
(68.6366015625, 55.5519140625, 47.6812109375)
(72.878125, 58.31125, 49.87109375)
(35.4009765625, 26.268125, 20.8517578125)
(25.70109375, 27.822734375, 30.5434375)
(190.08890625, 177.9921484375, 160.359375)
(113.34546875, 58.6487109375, 94.96578125)
(96.9291796875, 89.059296875, 92.62484375)
(210.515390625, 170.7444140625, 135.5796484375)
(136.669140625, 120.42828125, 88.8601953125)
(151.9750390625, 129.6439453125, 79.5616015625)
(222.592890625, 165.7500390625, 57.778125)
(188.574609375, 167.132734375, 158.1436328125)
(208.9454296875, 213.9669921875, 217.330546875)
(164.2432421875, 200.5740625, 186.18796875)
(143.7690625, 105.147734375, 99.4390625)
(222.232421875, 158.5085546875, 50.896796875)
(240.475859375, 179.8219921875, 60.43671875)
(144.91609375, 129.5635546875, 120.0644921875)
(229.6048046875, 156.2809375, 50.236015625)
(173.3012890625, 140.8421484375, 126.04890625)
(219.3059765625, 156.5461328125, 93.7301171875)
(63.2988671875, 40.717421875, 28.54984375)
(152.9046484375, 123.04796875, 110.6737890625)
(98.0414453125, 84.9073046875, 80.4905859375)
(133.3605859375, 53.9977734375, 69.1766015625)
(192.31375, 164.254609375, 97.1162890625)
(74.078671875, 73.7471875, 73.7471875)
(107.6835546875, 85.203984375, 93.8734765625)
(204.06703125, 169.345078125, 76.997265625)
(157.030859375, 152.7516796875, 141.7990625)
(206.6013671875, 162.2431640625, 124.7401953125)
(156.4236328125, 140.9311328125, 135.4204296875)
(169.1423828125, 177.742109375, 189.0733203125)
(234.8764453125, 214.624609375, 162.8110546875)
(224.4505859375, 179.0598046875, 72.86265625)
(157.0421875, 145.3636328125, 128.34359375)
(120.0626953125, 94.1015234375, 71.8165625)
(61.9751953125, 46.6655859375, 50.4391015625)
(83.9454296875, 68.3637890625, 60.805859375)
(124.8101171875, 97.910703125, 99.5240625)
(175.8375, 175.183671875, 175.184375)
(192.46921875, 145.426171875, 86.9691796875)
(1.3216015625, 1.3016796875, 1.3016796875)
(174.512265625, 78.304296875, 72.3427734375)
(177.1686328125, 88.426484375, 60.7546484375)
(196.5496875, 118.73328125, 79.5630078125)
(178.5909765625, 199.0230078125, 168.529765625)
(108.528984375, 64.8558203125, 39.336328125)
(186.290703125, 152.9167578125, 133.103125)
(92.0976953125, 78.226640625, 80.7366015625)
(191.986328125, 182.0198046875, 149.15078125)
(94.267578125, 30.437890625, 30.437890625)
(228.4840234375, 96.57234375, 83.759453125)
(198.7084765625, 183.830625, 192.980390625)
(115.9422265625, 84.2966796875, 94.441484375)
(182.0773046875, 93.34546875, 65.67640625)
(80.0978515625, 65.6350390625, 55.8712109375)
(83.014921875, 63.825546875, 60.2869921875)
(89.0709765625, 81.4905078125, 85.61796875)
(209.3106640625, 162.0836328125, 123.0171875)
(184.171875, 182.2455859375, 177.9314453125)
(155.9081640625, 132.39078125, 102.6722265625)
(98.94546875, 50.738984375, 90.3271484375)
(129.80484375, 112.15234375, 57.41234375)
(22.9491015625, 22.7157421875, 22.0630078125)
(149.8474609375, 174.8836328125, 127.0486328125)
(206.2932421875, 43.3802734375, 134.7076953125)
(166.17703125, 165.6562109375, 167.416953125)
(222.34109375, 158.8609375, 114.3319921875)
(88.285625, 97.9771484375, 102.799765625)
(224.2244140625, 179.2105859375, 58.9415625)
(209.5677734375, 197.408359375, 163.9496484375)
(167.2794140625, 168.4962890625, 170.6449609375)
(78.6694140625, 109.8063671875, 32.659765625)
(74.3525390625, 78.3176953125, 82.210390625)
(152.55296875, 151.503671875, 152.9841796875)
(112.7115234375, 96.3602734375, 89.593203125)
(46.8550390625, 47.02015625, 41.5651171875)
(160.49203125, 146.7928125, 123.316875)
(60.19671875, 56.43453125, 51.3558984375)
(185.7723046875, 155.9702734375, 133.39625)
(165.357421875, 155.2646875, 143.404453125)
(34.7939453125, 25.8320703125, 20.4217578125)
(120.3958984375, 108.6101953125, 104.5036328125)
(157.98171875, 127.823984375, 105.34125)
(220.1153515625, 164.1091796875, 64.5485546875)
(223.3786328125, 153.5891796875, 153.817421875)
(138.0690625, 137.6559765625, 137.356484375)
(92.1080078125, 78.88984375, 75.0012109375)
(203.8989453125, 204.4855078125, 205.2902734375)
(78.770859375, 126.7695703125, 148.329609375)
(137.898359375, 115.130078125, 56.907734375)
(106.873203125, 94.6270703125, 84.9734765625)
(205.2468359375, 205.10875, 206.1853125)
(170.440625, 95.4970703125, 190.805078125)
(114.622421875, 94.4244140625, 42.7276171875)
(132.67, 130.6092578125, 133.616328125)
(170.5357421875, 195.614375, 206.9688671875)
(176.881015625, 142.533984375, 125.9042578125)
(227.0166796875, 45.89828125, 45.89828125)
(224.7144921875, 73.805234375, 43.2412109375)
(207.0633203125, 165.9748046875, 70.013203125)
(65.9035546875, 65.5373828125, 77.9528125)
(245.4559765625, 154.998828125, 41.327890625)
(204.0605859375, 159.062734375, 107.910390625)
(174.6484375, 105.300078125, 193.447109375)
(163.667109375, 131.483359375, 75.9560546875)
(96.15765625, 130.772578125, 153.4162109375)
(102.5612109375, 49.798359375, 28.5792578125)
(84.3432421875, 77.2123828125, 67.2235546875)
(190.2388671875, 190.1275, 178.8304296875)
(197.2941796875, 197.76203125, 198.2908203125)
(132.02890625, 119.7830078125, 97.76296875)
(117.256796875, 67.0516015625, 98.972265625)
(134.669921875, 174.6308984375, 212.1454296875)
(2855.513046875, 2942.978671875, 2797.72671875)
(21.676953125, 14.509921875, 20.5928515625)
(181.4677734375, 157.1940625, 107.4774609375)
(191.1808203125, 175.66921875, 147.49890625)
(196.560234375, 166.4586328125, 117.1366796875)
(211.1986328125, 183.049609375, 117.553203125)
(170.1591015625, 151.585859375, 80.81390625)
(85.5938671875, 101.7965234375, 48.7201171875)
(118.118671875, 71.95015625, 43.7065625)
(143.419453125, 143.73828125, 144.3665625)
(195.5628515625, 161.121015625, 175.2448046875)
(80.633125, 74.226171875, 88.3752734375)
(221.276328125, 172.9941015625, 137.82765625)
(211.5399609375, 164.682109375, 125.4166796875)
(191.2519921875, 192.0640625, 177.9102734375)
(128.03796875, 76.234609375, 84.923828125)
(173.0695703125, 148.7094140625, 165.2253125)
(216.8226953125, 151.4037109375, 39.83109375)
(175.0159765625, 192.4797265625, 138.793984375)
(209.2377734375, 143.0793359375, 134.2203515625)
(167.430390625, 122.938828125, 91.44875)
(203.0241015625, 167.7195703125, 140.9703125)
(205.459453125, 179.259765625, 110.0443359375)
(153.6666796875, 121.8854296875, 127.4656640625)
(164.0273828125, 138.20875, 100.4782421875)
(204.1554296875, 201.0356640625, 176.883515625)
(178.6535546875, 159.742421875, 97.294296875)
(188.9378125, 173.4507421875, 142.581640625)
(153.5898046875, 138.2542578125, 107.145546875)
(175.1888671875, 174.4738671875, 166.5409765625)
(195.26328125, 100.6903125, 85.2048828125)
(32.930703125, 31.112265625, 31.453828125)
(68.73875, 59.227265625, 50.712890625)
(139.5930859375, 145.8315234375, 113.9630078125)
(230.203203125, 165.0683984375, 47.6653515625)
(229.439375, 192.7475390625, 160.1529296875)
(207.886484375, 147.4261328125, 62.35953125)
(96.6887890625, 89.9157421875, 84.1126171875)
(167.846171875, 135.7383984375, 99.519453125)
(186.949921875, 173.508359375, 162.4753515625)
(114.656171875, 80.6315625, 23.20625)
(168.368515625, 133.603828125, 100.4725390625)
(199.181796875, 86.3186328125, 86.318671875)
(144.2516015625, 108.1784375, 72.9059375)
(86.1944140625, 52.76296875, 32.0305078125)
(121.70734375, 104.4383203125, 44.4569921875)
(161.6887109375, 172.487109375, 177.3312109375)
(132.084296875, 115.812890625, 102.640703125)
(229.4938671875, 163.0830078125, 46.8942578125)
(127.5547265625, 87.352890625, 61.3619140625)
(171.7315625, 138.4241015625, 109.024140625)
(169.6715625, 206.9046484375, 194.0632421875)
(191.223359375, 162.723984375, 151.7646484375)
(194.1719921875, 175.7534375, 177.7811328125)
(178.4025390625, 134.506875, 136.8248046875)
(166.8390234375, 150.561796875, 139.6462109375)
(191.8082421875, 130.8330859375, 26.276796875)
(210.4731640625, 195.1745703125, 165.636953125)
(152.2124609375, 151.258515625, 151.39921875)
(249.4204296875, 169.974921875, 50.368671875)
(57.733984375, 62.6800390625, 66.216640625)
(182.16765625, 143.758984375, 129.89578125)
(84.337421875, 73.8621875, 62.41296875)
(166.736953125, 116.214453125, 97.8572265625)
(193.9801171875, 171.6971484375, 166.2166796875)
(129.3678515625, 79.793359375, 90.2703515625)
(185.280625, 150.8889453125, 91.9283984375)
(176.58421875, 107.6205078125, 195.2451171875)
(90.884453125, 94.9969921875, 86.1252734375)
(92.572265625, 89.579296875, 83.47359375)
(157.70015625, 162.2688671875, 176.78328125)
(142.90453125, 113.5033984375, 114.8017578125)
(88.188984375, 76.4211328125, 45.3706640625)
(174.56765625, 180.3582421875, 0.0)
(155.7475390625, 153.6116015625, 131.0249609375)
(184.4243359375, 95.7160546875, 68.053359375)
(189.6659765625, 175.198828125, 189.711640625)
(115.399609375, 96.7882421875, 64.4778125)
(147.06921875, 135.419296875, 118.72609375)
(225.884375, 171.810625, 38.294375)
(132.1746875, 81.5794921875, 49.5922265625)
(135.8592578125, 104.4158984375, 85.6096875)
(61.6815625, 40.3521875, 30.835078125)
(170.366875, 126.2692578125, 128.199140625)
(91.105078125, 63.705546875, 61.5728125)
(194.0430078125, 184.7364453125, 174.618046875)
(189.9434765625, 165.8977734375, 167.9996484375)
(95.4750390625, 41.1377734375, 40.170625)
(45.870859375, 33.33265625, 26.8802734375)
(162.86609375, 155.7076171875, 151.7178515625)
(173.1371484375, 148.5998828125, 140.8132421875)
(209.3606640625, 203.7744140625, 211.3611328125)
(54.055078125, 56.748515625, 71.351484375)
(118.1078125, 111.4450390625, 112.4772265625)
(112.9866015625, 90.92125, 77.7173828125)
(0.0, 75.52828125, 0.0)
(203.7659375, 168.2942578125, 158.5876953125)
(185.8748828125, 200.200703125, 229.4253515625)
(151.7869140625, 107.016484375, 92.75703125)
(216.5050390625, 163.8973828125, 127.89796875)
(187.929921875, 186.8410546875, 188.4316796875)
(170.47375, 188.32328125, 118.288515625)
(130.105390625, 127.1731640625, 124.0027734375)
(164.8666015625, 150.260859375, 131.7609375)
(157.773828125, 85.2000390625, 97.387890625)
(118.678671875, 76.2059765625, 45.802265625)
(159.4561328125, 145.688125, 123.9344921875)
(112.9973828125, 91.59859375, 83.3828125)
(170.4903125, 106.703984375, 10.6978125)
(206.7058203125, 41.357421875, 131.03828125)
(169.5594921875, 124.7743359375, 72.360546875)
(94.3094140625, 176.166328125, 49.6731640625)
(38.5246484375, 26.6711328125, 26.6711328125)
(133.9306640625, 158.7983203125, 181.698125)
(58.423125, 42.62984375, 34.8282421875)
(124.61875, 63.7691015625, 107.881171875)
(185.50265625, 141.745546875, 139.5853125)
(128.9228515625, 137.487734375, 156.6410546875)
(176.78515625, 151.801171875, 89.885546875)
(41.9932421875, 30.2456640625, 25.512265625)
(196.8236328125, 121.082421875, 43.0040234375)
(109.704609375, 90.4712109375, 38.217890625)
(132.2215234375, 86.952734375, 46.629921875)
(169.8651953125, 197.8887890625, 180.706796875)
(129.28421875, 100.4586328125, 85.5592578125)
(153.5203515625, 157.4675, 157.540859375)
(186.8380078125, 165.6224609375, 133.2744140625)
(108.313828125, 166.6049609375, 40.856171875)
(195.732890625, 197.048125, 197.617109375)
(182.3075, 217.3555078125, 237.8209375)
(228.1488671875, 78.885859375, 64.279296875)
(126.5381640625, 89.5937109375, 58.447890625)
(184.344453125, 169.0480859375, 154.30375)
(135.3433984375, 133.6713671875, 133.3190625)
(227.874921875, 159.2253515625, 54.784140625)
(108.0816015625, 63.7093359375, 38.4372265625)
(174.0901171875, 157.7428125, 95.3339453125)
(186.9539453125, 131.3354296875, 109.2960546875)
(72.67671875, 58.1012109375, 50.0233203125)
(125.2318359375, 109.6483203125, 105.8461328125)
(200.069609375, 176.6037890625, 173.8321484375)
(167.2147265625, 107.405, 132.5512890625)
(104.43828125, 90.20671875, 80.169921875)
(116.9701171875, 98.6169140625, 92.4696484375)
(125.7876953125, 115.5927734375, 82.5490625)
(164.6993359375, 123.222109375, 67.14265625)
(194.7868359375, 148.2919140625, 129.3649609375)
(205.3563671875, 172.168515625, 175.9403515625)
(145.3926953125, 139.351953125, 132.4245703125)
(182.3991796875, 120.4393359375, 123.23421875)
(165.58078125, 180.6903125, 181.7499609375)
(199.93453125, 167.816875, 153.9841015625)
(158.00390625, 122.6689453125, 123.39640625)
(143.5768359375, 137.720390625, 122.1246875)
(103.7850390625, 102.5290625, 113.171796875)
(191.4746875, 172.28140625, 186.7565234375)
(149.9316796875, 106.8261328125, 81.4585546875)
(177.5739453125, 133.5802734375, 107.4533984375)
(116.8909375, 115.8893359375, 120.0623828125)
(210.420859375, 195.5269140625, 181.8019140625)
(100.4962890625, 72.5884765625, 68.6212109375)
(217.6896484375, 209.4326171875, 194.756328125)
(196.899921875, 157.04984375, 40.42296875)
(172.4101953125, 140.6587109375, 159.0859765625)
(55.4023046875, 33.1533203125, 24.1451953125)
(110.5544140625, 143.9695703125, 151.0587109375)
(179.6247265625, 140.1588671875, 75.6774609375)
(194.3559375, 171.150390625, 188.06703125)
(107.7189453125, 93.660390625, 91.3981640625)
(104.424921875, 92.580625, 44.045234375)
(190.652109375, 158.616875, 128.3204296875)
(153.073203125, 117.00796875, 55.748125)
(114.3962890625, 101.549375, 91.2934765625)
(148.7325390625, 149.726015625, 148.1783984375)
(205.394765625, 205.2493359375, 206.291640625)
(143.817421875, 109.7351953125, 85.4463671875)
(203.049296875, 143.1733203125, 46.1592578125)
(199.1366015625, 159.2509765625, 126.4744921875)
(133.8341796875, 91.1373046875, 74.5476953125)
(25.3339453125, 41.3698828125, 21.4769140625)
(140.945859375, 183.77328125, 88.651484375)
(100.271796875, 76.3366796875, 62.432421875)
(39.666796875, 30.5925, 24.58)
(237.77171875, 62.341796875, 57.6549609375)
(223.5389453125, 211.778203125, 215.753359375)
(228.8005859375, 215.711171875, 218.772109375)
(121.4710546875, 113.29109375, 109.452578125)
(50.1000390625, 51.7930078125, 54.8615625)
(180.221875, 179.6823828125, 181.905078125)
(146.7015234375, 80.911328125, 127.0837109375)
(144.914375, 136.0945703125, 130.727890625)
(2.4151171875, 2.3951953125, 2.3951953125)
(133.154140625, 158.28828125, 181.4298046875)
(97.759453125, 135.6915234375, 160.4133203125)
(101.6025, 101.6025, 101.6025)
(4481.93890625, 3672.76625, 2375.0849609375)
(190.828515625, 128.131796875, 25.5087890625)
(158.450234375, 113.24203125, 100.979375)
(172.0221875, 98.828125, 191.8790625)
(157.0974609375, 127.9503125, 125.3496484375)
(152.9765234375, 153.8860546875, 153.903359375)
(197.0692578125, 142.8397265625, 103.2144140625)
(198.577265625, 161.7320703125, 174.0498046875)
(158.4775390625, 114.4471484375, 48.6801171875)
(58.270234375, 41.372578125, 20.3262109375)
(150.1770703125, 91.59140625, 80.1065234375)
(198.799609375, 12.78515625, 12.78515625)
(78.11328125, 49.0516796875, 50.8144140625)
(159.1041015625, 127.1195703125, 108.5698046875)
(112.813671875, 87.0030078125, 58.3576953125)
(198.358984375, 137.3030078125, 140.440078125)
(131.5840625, 102.3887890625, 40.6278125)
(129.2251171875, 108.598046875, 90.0878125)
(209.3817578125, 171.2996875, 71.1350390625)
(170.4340234375, 94.83625, 190.988515625)
(149.9461328125, 154.6282421875, 177.6284765625)
(185.41359375, 142.8616796875, 116.190546875)
(218.5746875, 164.335625, 140.644609375)
(217.241484375, 197.09984375, 200.12265625)
(101.5130078125, 60.612421875, 36.75265625)
(206.10765625, 193.4523046875, 179.5822265625)
(159.430625, 105.261875, 20.8681640625)
(118.47640625, 72.275703125, 44.4551171875)
(192.62234375, 161.2341015625, 113.34859375)
(205.515703125, 205.3794921875, 206.430703125)
(137.01734375, 160.9787109375, 183.0716015625)
(237.829765625, 199.3090234375, 165.38125)
(110.20796875, 108.7873046875, 111.60625)
(247.6046875, 215.51328125, 92.3623828125)
(163.267109375, 82.0605859375, 70.8225)
(101.69671875, 125.62625, 142.4073828125)
(218.3483984375, 170.6680078125, 42.5259765625)
(166.226484375, 108.7330859375, 19.33109375)
(182.6966796875, 148.9426953125, 152.768203125)
(164.8945703125, 57.345, 34.0462890625)
(113.603828125, 115.52828125, 126.3475390625)
(224.4747265625, 198.2191015625, 197.8749609375)
(177.78125, 169.8762109375, 150.364765625)
(207.2113671875, 178.6421875, 151.941484375)
(130.708046875, 156.398671875, 180.06015625)
(29.8982421875, 1.0396875, 1.0396875)
(142.8658984375, 101.89578125, 103.45015625)
(161.9163671875, 160.2059375, 161.61796875)
(128.703046875, 113.935703125, 81.84703125)
(109.0980078125, 64.6151953125, 76.5222265625)
(141.5041015625, 164.7819140625, 186.2018359375)
(152.321796875, 115.91421875, 116.814296875)
(165.7745703125, 191.299765625, 217.43125)
(197.929609375, 189.9012890625, 180.2269921875)
(210.4231640625, 199.37890625, 154.455625)
(173.615546875, 155.02703125, 127.5690234375)
(210.881640625, 169.6018359375, 175.105)
(131.1404296875, 125.0228125, 119.3313671875)
(141.178671875, 165.4408984375, 189.7742578125)
(163.621328125, 144.7796875, 155.37875)
(139.2031640625, 163.151015625, 185.1939453125)
(224.69140625, 143.16953125, 142.968203125)
(129.5798828125, 155.470546875, 179.28859375)
(196.29015625, 176.3854296875, 0.0)
(170.6301171875, 136.5023828125, 120.4225)
(125.763125, 90.4402734375, 65.0491796875)
(147.6646484375, 136.1557421875, 169.2527734375)
(177.60921875, 180.4503515625, 189.349609375)
(123.842109375, 111.157890625, 98.54359375)
(105.5293359375, 90.65328125, 82.1641015625)
(134.523984375, 159.2654296875, 182.0508984375)
(82.8558203125, 49.74234375, 30.0733984375)
(177.1741796875, 156.1059375, 139.440703125)
(217.0324609375, 156.41203125, 42.29265625)
(53.523203125, 38.1478515625, 31.16296875)
(134.7746875, 129.204453125, 123.521953125)
(185.4583984375, 178.0286328125, 169.4408203125)
(168.0081640625, 166.4555859375, 167.815234375)
(194.883515625, 167.775703125, 138.9846875)
(222.3679296875, 172.5537109375, 136.8792578125)
(190.9315234375, 190.765546875, 168.658984375)
(73.7559375, 84.741796875, 85.207265625)
(165.8653125, 183.5834765625, 130.982421875)
(214.301171875, 209.57828125, 212.064921875)
(132.92046875, 88.239140625, 72.1370703125)
(205.7194140625, 205.594765625, 206.6401171875)
(126.1898046875, 105.62796875, 88.565390625)
(160.634453125, 189.7626953125, 160.634453125)
(88.98375, 77.03046875, 48.655625)
(234.1650390625, 168.1362109375, 48.2944921875)
(121.43484375, 117.0066796875, 98.6444140625)
(188.68859375, 137.3855859375, 30.07203125)
(252.0571484375, 135.9480859375, 1.6269921875)
(228.9755078125, 184.939453125, 150.11203125)
(216.7585546875, 218.864921875, 223.0580859375)
(184.99484375, 154.76796875, 122.653984375)
(97.3657421875, 64.9426953125, 46.1459765625)
(160.1501953125, 147.0490234375, 130.646796875)
(223.987578125, 220.3064453125, 221.143046875)
(180.873671875, 92.124921875, 53.0640625)
(99.80921875, 101.0871484375, 94.8326171875)
(139.4919921875, 77.5312109375, 126.38421875)
(148.3940625, 114.6578125, 72.9196875)
(163.0720703125, 153.54546875, 161.1179296875)
(229.7744140625, 164.16015625, 47.133828125)
(210.2324609375, 162.2527734375, 68.9158984375)
(191.9388671875, 164.58515625, 111.5176953125)
(159.6089453125, 137.2732421875, 80.5707421875)
(233.0375390625, 167.0009765625, 48.07171875)
(231.8119140625, 168.7915625, 49.7468359375)
(154.040625, 90.259609375, 100.5946484375)
(143.2429296875, 165.87796875, 186.7169921875)
(182.506015625, 163.003671875, 160.07765625)
(225.9712890625, 151.4591796875, 155.8163671875)
(139.5681640625, 114.482890625, 39.05921875)
(108.6085546875, 79.151328125, 75.0763671875)
(78.5868359375, 59.3062109375, 50.530703125)
(64.9562109375, 48.155703125, 40.2919140625)
(146.2232421875, 116.820390625, 106.1110546875)
(106.481796875, 72.6947265625, 52.5005078125)
(107.57859375, 89.855703125, 70.69671875)
(221.068046875, 170.9789453125, 49.3191015625)
(114.89515625, 80.4419921875, 78.0711328125)
(169.879140625, 116.941484375, 112.1212890625)
(147.5271875, 175.2970703125, 177.3559375)
(231.326171875, 228.722890625, 224.79796875)
(155.5858203125, 175.451015625, 193.7753125)
(163.1916015625, 169.23375, 172.9433984375)
(130.29875, 155.9632421875, 179.5689453125)
(58.5508984375, 61.165703125, 63.8528125)
(212.6373046875, 166.2439453125, 127.158203125)
(105.6544140625, 53.2119921875, 127.388125)
(87.0046484375, 60.798671875, 51.7914453125)
(185.3722265625, 167.428828125, 177.7845703125)
(232.044921875, 163.72765625, 56.868359375)
(90.7651171875, 68.6772265625, 56.1255859375)
(177.437421875, 126.4887890625, 94.05921875)
(91.369453125, 69.769453125, 20.8320703125)
(192.09234375, 189.7152734375, 190.650859375)
(188.315078125, 152.0426171875, 73.4237890625)
(72.3526171875, 114.5355859375, 74.2551953125)
(62.65140625, 130.7010546875, 229.817734375)
(158.5401953125, 105.5361328125, 83.47046875)
(89.7269140625, 98.25296875, 91.9289453125)
(171.595078125, 194.7616796875, 168.9548828125)
(43.2433984375, 44.134921875, 46.513515625)
(62.3438671875, 87.2631640625, 120.999921875)
(190.859140625, 175.240703125, 181.736015625)
(194.8036328125, 141.7246484375, 97.035859375)
(202.9139453125, 192.45140625, 163.811015625)
(61.0231640625, 52.0251953125, 47.7043359375)
(171.463984375, 140.02140625, 83.859765625)
(86.4829296875, 86.183125, 86.5559765625)
(58.35, 160.299765625, 155.1793359375)
(171.605859375, 117.3192578125, 116.903203125)
(222.5734765625, 166.5773828125, 58.4832421875)
(197.34515625, 156.816640625, 69.032109375)
(3331.923515625, 3041.09671875, 3350.9688671875)
(65.990390625, 48.9533203125, 41.693828125)
(165.679375, 85.2083984375, 187.659140625)
(232.45765625, 182.3408984375, 53.16796875)
(138.382578125, 95.250234375, 79.36359375)
(116.851640625, 71.8305859375, 43.6210546875)
(195.558046875, 142.9263671875, 148.49671875)
(209.2618359375, 195.73140625, 164.25046875)
(230.90890625, 206.44484375, 206.44484375)
(149.2865234375, 93.991875, 88.7254296875)
(229.62125, 209.45109375, 211.33390625)
(163.64953125, 170.87203125, 168.364453125)
(58.6244921875, 61.5766796875, 62.5584375)
(192.3090234375, 154.63140625, 158.9997265625)
(218.596640625, 164.6091796875, 84.009609375)
(189.6659765625, 188.0869921875, 179.56875)
(156.0534765625, 185.414375, 219.53765625)
(109.74, 156.8133984375, 150.3928125)
(223.216796875, 160.221640625, 52.4494140625)
(224.17703125, 161.356328125, 52.7626171875)
(33.898515625, 15.5584375, 31.7355859375)
(174.2441015625, 155.27734375, 125.1884765625)
(129.5153125, 107.2962109375, 98.02640625)
(220.6492578125, 129.5853515625, 155.9450390625)
(168.08125, 210.1659375, 227.4928515625)
(188.431328125, 160.5434765625, 111.06203125)
(2.1081640625, 2.0882421875, 2.0882421875)
(50.2771875, 92.093203125, 112.583515625)
(235.3502734375, 165.28375, 136.75734375)
(138.0025390625, 152.33265625, 178.29125)
(164.0465234375, 140.94359375, 109.7323046875)
(133.6626953125, 126.983515625, 120.7975)
(173.462421875, 178.4823046875, 185.015390625)
(153.2816015625, 105.1018359375, 67.4401171875)
(83.7826171875, 73.7521875, 61.5809765625)
(128.055859375, 113.0876953125, 81.07609375)
(68.1631640625, 55.4494140625, 49.210625)
(189.6519921875, 134.48890625, 95.58953125)
(192.6546875, 189.609765625, 181.1498046875)
(158.6773046875, 132.60078125, 133.468359375)
(92.057265625, 85.6711328125, 78.5483984375)
(167.292109375, 149.9104296875, 139.7402734375)
(0.0, 87.19984375, 0.0)
(157.1184765625, 111.9319921875, 97.35703125)
(54.47984375, 44.4580078125, 37.590859375)
(187.8449609375, 62.809765625, 72.696015625)
(137.0069140625, 63.018515625, 151.9812109375)
(187.9196875, 169.8632421875, 181.63875)
(74.4779296875, 75.81671875, 81.451640625)
(139.700703125, 168.6177734375, 158.4601171875)
(193.0764453125, 179.96234375, 141.445859375)
(94.817109375, 67.2238671875, 65.0654296875)
(137.530625, 128.72, 120.5865625)
(58.783203125, 35.366484375, 42.7971484375)
(144.013671875, 61.3992578125, 61.956640625)
(127.6691015625, 84.0846875, 68.6375)
(19.8596484375, 20.583828125, 21.759609375)
(143.5508203125, 166.2433203125, 187.1630859375)
(232.2485546875, 166.398515625, 47.857890625)
(72.9348046875, 54.30203125, 46.344140625)
(114.148125, 97.0453125, 44.88015625)
(227.6100390625, 165.2954296875, 34.623828125)
(120.4271875, 96.02796875, 88.866640625)
(31.5698828125, 31.4269921875, 31.4269921875)
(201.473984375, 124.239140625, 107.6421875)
(220.1159375, 179.514375, 183.491953125)
(179.8208984375, 142.56875, 138.65328125)
(154.8873828125, 139.993359375, 112.2453515625)
(124.32921875, 104.8981640625, 96.84390625)
(197.7794921875, 187.587734375, 165.1513671875)
(174.2290234375, 172.4786328125, 145.725859375)
(141.35375, 164.39078125, 185.5955078125)
(144.1826953125, 166.6034375, 187.3663671875)
(180.8767578125, 116.8166796875, 198.197109375)
(178.7026953125, 179.729609375, 182.5645703125)
(232.3151953125, 167.2322265625, 48.2746875)
(228.5931640625, 91.9959765625, 78.672109375)
(175.009140625, 194.7321484375, 217.8055859375)
(194.15109375, 195.3172265625, 184.4670703125)
(63.2310546875, 46.58953125, 38.45984375)
(187.742890625, 182.71171875, 181.7933203125)
(165.3926953125, 149.2863671875, 92.0826171875)
(78.0805078125, 64.2838671875, 57.7508984375)
(108.6759375, 73.9780078125, 52.519765625)
(70.18890625, 61.5330859375, 42.2572265625)
(167.467265625, 89.755390625, 156.477578125)
(232.7862890625, 167.2366015625, 48.0518359375)
(179.9321484375, 177.4271484375, 149.014375)
(185.2066796875, 182.4663671875, 127.363828125)
(97.8918359375, 76.4988671875, 62.8029296875)
(125.9775, 103.5582421875, 134.4184765625)
(179.937890625, 173.6638671875, 145.54328125)
(200.3678515625, 196.6766796875, 195.851171875)
(130.165859375, 155.8507421875, 179.507578125)
(154.41671875, 166.1558984375, 188.8504296875)
(65.3758984375, 195.6621484375, 69.853046875)
(179.539140625, 72.575703125, 67.2722265625)
(195.82640625, 198.7269140625, 203.4666015625)
(166.0207421875, 142.7240625, 86.9989453125)
(110.7927734375, 76.3023046875, 87.3901171875)
(174.7005859375, 142.070390625, 85.9505859375)
(66.5634765625, 111.748046875, 130.6124609375)
(80.6375390625, 75.1974609375, 72.3101953125)
(174.5399609375, 130.5545703125, 101.071796875)
(157.30984375, 136.70078125, 124.7116015625)
(137.9812890625, 142.921328125, 144.8837109375)
(67.8016796875, 43.8511328125, 20.3644921875)
(221.2078125, 154.05921875, 162.60359375)
(228.8734375, 163.0519921875, 45.95375)
(139.68328125, 141.3878515625, 143.23421875)
(167.2312890625, 140.156953125, 138.5701953125)
(146.100859375, 144.7503125, 131.2294140625)
(118.7527734375, 138.0438671875, 100.2656640625)
(201.290546875, 154.3526953125, 68.7334765625)
(48.1505859375, 192.3194921875, 53.3298828125)
(179.3036328125, 90.5834375, 62.9166796875)
(159.8478515625, 183.004140625, 190.0884765625)
(141.7939453125, 187.506171875, 179.358828125)
(105.654296875, 101.8532421875, 101.8084375)
(31.5176171875, 24.2880859375, 20.1184375)
(140.5898828125, 163.9778515625, 185.499921875)
(212.006875, 141.5120703125, 150.46265625)
(222.8402734375, 166.6319140625, 149.774375)
(137.63015625, 117.1716796875, 105.1852734375)
(143.2618359375, 100.1081640625, 73.2559765625)
(186.0791796875, 155.150390625, 160.837734375)
(193.2125, 182.8188671875, 142.5742578125)
(116.020703125, 91.8181640625, 76.2471875)
(191.0140234375, 183.9465625, 184.5690234375)
(174.7021484375, 154.0343359375, 128.0308203125)
(168.8166796875, 128.2254296875, 101.4818359375)
(193.1280078125, 130.1330859375, 128.383671875)
(134.66328125, 133.075234375, 99.62875)
(114.18703125, 108.3433203125, 108.22671875)
(127.275625, 99.7242578125, 73.15421875)
(165.86046875, 198.1211328125, 216.9994921875)
(127.2710546875, 153.7167578125, 178.0712890625)
(147.2655859375, 117.7815625, 117.296328125)
(222.3994140625, 156.374765625, 44.5908984375)
(216.831796875, 212.7719140625, 206.3375390625)
(66.66890625, 69.645859375, 79.0801171875)
(108.05109375, 88.2146875, 85.0658203125)
(162.86296875, 154.6080078125, 72.737421875)
(184.5889453125, 161.6516015625, 179.204296875)
(136.51640625, 129.5263671875, 99.3844921875)
(194.4003515625, 194.255625, 174.303203125)
(168.19328125, 148.376484375, 100.6278125)
(191.4698046875, 194.2083984375, 198.099296875)
(210.309609375, 165.706015625, 127.31484375)
(122.8248046875, 108.297109375, 89.7203515625)
(94.718671875, 132.959765625, 89.0251953125)
(200.351171875, 205.5853125, 185.315625)
(110.0416015625, 75.2996875, 36.47296875)
(186.6979296875, 172.3465234375, 145.0918359375)
(197.7111328125, 201.54109375, 213.247109375)
(205.40125, 43.757734375, 33.986640625)
(116.580390625, 70.945859375, 43.0411328125)
(237.54796875, 173.8340625, 92.8394921875)
(127.5881640625, 101.305859375, 114.2569140625)
(83.0450390625, 62.7635546875, 56.3820703125)
(83.113125, 80.4181640625, 71.9526953125)
(159.5876953125, 159.052421875, 160.4033203125)
(49.679296875, 134.6983984375, 223.740859375)
(213.513984375, 180.5634765625, 103.256171875)
(225.124765625, 166.6455859375, 69.4189453125)
(141.0310546875, 137.6589453125, 134.2295703125)
(143.616796875, 141.304140625, 137.7226953125)
(102.5283203125, 114.0501171875, 122.33046875)
(169.999296875, 123.96140625, 81.1508203125)
(85.3901953125, 47.098828125, 48.93875)
(130.8987890625, 136.715546875, 136.3198828125)
(206.75015625, 170.1353515625, 109.6294140625)
(185.04109375, 178.86453125, 156.889296875)
(208.8881640625, 131.4710546875, 53.8874609375)
(81.7599609375, 72.9991015625, 70.4150390625)
(183.9896875, 177.6685546875, 181.331640625)
(136.416171875, 97.32140625, 71.0287109375)
(178.7044140625, 175.5031640625, 0.0)
(219.17015625, 149.5108203125, 22.8259765625)
(205.5232421875, 190.80703125, 189.5662109375)
(23.23421875, 15.3364453125, 18.9372265625)
(229.5234375, 155.9799609375, 48.6084375)
(183.414453125, 165.184296875, 165.7966015625)
(167.8927734375, 118.6121875, 88.7087109375)
(208.642734375, 191.60390625, 171.8140625)
(71.327578125, 66.1808984375, 66.5176953125)
(160.8969921875, 74.1373046875, 83.9634375)
(152.2480859375, 139.528125, 166.7746875)
(170.24234375, 163.1303515625, 158.4205078125)
(164.72234375, 120.4297265625, 105.45703125)
(135.8223046875, 117.9348828125, 98.970234375)
(199.0725, 147.717578125, 108.737109375)
(248.6241796875, 174.860390625, 65.2191015625)
(166.0880859375, 85.961875, 187.9748828125)
(139.8877734375, 163.2926171875, 184.8381640625)
(137.33828125, 131.5014453125, 124.197734375)
(140.5901171875, 163.975390625, 185.495)
(215.5362890625, 153.52109375, 47.981640625)
(190.6933203125, 146.4677734375, 110.58265625)
(91.9840625, 92.217109375, 95.3915625)
(224.9196484375, 177.65125, 142.743046875)
(226.330546875, 166.376953125, 65.1437890625)
(157.218046875, 155.9758984375, 130.5105078125)
(163.62640625, 153.8342578125, 158.2577734375)
(75.1500390625, 54.8252734375, 51.430078125)
(169.6009375, 93.7805078125, 190.21015625)
(192.3158984375, 159.582734375, 79.8107421875)
(154.4315234375, 120.2960546875, 73.269453125)
(165.2955859375, 123.7769140625, 105.95890625)
(202.167578125, 176.6493359375, 184.1453125)
(132.8721875, 90.2544921875, 66.0712109375)
(143.8737890625, 147.65671875, 143.730859375)
(139.51171875, 127.1097265625, 99.5985546875)
(143.36796875, 128.388671875, 105.2465625)
(75.7732421875, 65.38171875, 56.2438671875)
(53.6534375, 50.2855078125, 56.256171875)
(213.3187890625, 136.208828125, 141.7408984375)
(170.0138671875, 94.1678515625, 190.632890625)
(177.3740625, 144.312421875, 98.536796875)
(152.2808203125, 127.9184765625, 111.346484375)
(194.0925, 127.722265625, 114.2251171875)
(135.8215625, 116.0498046875, 119.81265625)
(143.0389453125, 98.645078125, 71.3663671875)
(185.48296875, 185.2399609375, 174.3635546875)
(218.73890625, 169.0253515625, 134.234765625)
(228.584296875, 102.9680078125, 90.7698046875)
(106.2144140625, 103.89765625, 109.1154296875)
(192.007421875, 172.980390625, 148.3729296875)
(165.49078125, 84.4146875, 187.6458984375)
(198.716328125, 169.6334375, 159.705546875)
(114.905625, 70.4223828125, 0.0)
(215.0740625, 143.166171875, 141.1873828125)
(3517.18171875, 3262.5572265625, 3197.1296484375)
(191.086328125, 199.154296875, 209.7770703125)
(132.39609375, 76.64734375, 122.8234765625)
(68.0103125, 90.6875390625, 62.091484375)
(3448.7115625, 3242.415546875, 3086.603515625)
(148.191796875, 102.093359375, 75.4454296875)
(171.67234375, 168.2871875, 180.259609375)
(137.747109375, 126.570234375, 117.7509375)
(41.19875, 23.8706640625, 17.8204296875)
(115.7719140625, 130.9358984375, 149.6892578125)
(172.2815234375, 99.0471875, 192.266328125)
(88.348984375, 75.380859375, 63.5146875)
(137.1997265625, 84.65953125, 51.3196484375)
(49.7918359375, 192.5496484375, 54.6633203125)
(139.1528125, 145.2062109375, 163.4561328125)
(129.8935546875, 100.3698828125, 81.8721484375)
(10.1023828125, 94.3593359375, 173.5455859375)
(173.142265625, 147.8182421875, 96.05546875)
(70.32921875, 197.43125, 74.9175)
(19.294296875, 17.9296484375, 17.9296484375)
(184.0043359375, 182.3107421875, 182.743984375)
(67.679140625, 57.975390625, 48.037265625)
(170.128125, 131.2513671875, 101.8514453125)
(148.7147265625, 139.6253125, 128.436171875)
(195.0192578125, 170.928359375, 183.740625)
(165.7194140625, 156.7655078125, 135.0221875)
(182.7830859375, 132.7356640625, 42.931484375)
(87.1962890625, 79.607890625, 73.8178125)
(203.7462890625, 204.8923828125, 206.5349609375)
(186.9263671875, 187.6969921875, 190.7333984375)
(107.3907421875, 69.4043359375, 88.445703125)
(207.1544921875, 165.50625, 133.5025)
(186.1626171875, 185.135546875, 111.010390625)
(72.4940234375, 57.926875, 49.8503515625)
(138.8559375, 102.41546875, 128.9244140625)
(166.108046875, 154.1623046875, 126.82421875)
(67.866484375, 69.43671875, 69.1627734375)
(126.0690234375, 85.809609375, 57.13)
(101.319375, 81.381328125, 107.090859375)
(177.364375, 167.1808203125, 168.4944921875)
(146.6954296875, 108.1774609375, 93.355234375)
(135.95796875, 123.19796875, 115.75421875)
(115.349921875, 108.6302734375, 97.806484375)
(217.3001171875, 163.07875, 48.295)
(254.2130078125, 0.8219140625, 0.0)
(92.4620703125, 81.00109375, 44.09875)
(230.681640625, 161.5362109375, 45.319609375)
(150.6647265625, 159.9028515625, 184.3615234375)
(218.5863671875, 136.518515625, 139.7680078125)
(198.2700390625, 161.2510546875, 112.4602734375)
(219.222890625, 151.65859375, 31.5336328125)
(148.39140625, 101.0436328125, 88.4906640625)
(170.028671875, 69.0226171875, 42.8155859375)
(134.2680859375, 114.6920703125, 41.746640625)
(140.4883203125, 134.8334375, 124.9321875)
(59.97359375, 43.6104296875, 36.2014453125)
(208.1791796875, 192.136640625, 138.9144140625)
(151.69890625, 91.46609375, 112.96109375)
(161.401640625, 132.6937890625, 67.156328125)
(134.4018359375, 130.717109375, 122.1861328125)
(177.3703125, 136.2723828125, 163.799140625)
(169.3851171875, 92.85453125, 190.252734375)
(60.657890625, 44.1948046875, 36.767734375)
(160.2423828125, 167.31140625, 147.1146875)
(143.4835546875, 134.4510546875, 124.2055859375)
(18.566875, 22.9201171875, 28.151875)
(183.7419140625, 141.5974609375, 67.7223828125)
(167.415390625, 114.2690625, 124.667109375)
(62.3653515625, 152.5335546875, 168.4977734375)
(131.076796875, 87.60828125, 65.3641796875)
(169.945, 160.9706640625, 125.3747265625)
(44.810859375, 32.7763671875, 26.492265625)
(200.443671875, 180.8727734375, 162.549375)
(153.278671875, 183.360625, 156.0941015625)
(215.107265625, 187.622265625, 123.7771875)
(108.51546875, 61.877109375, 100.8734765625)
(112.3275390625, 66.4051953125, 40.3884375)
(129.661484375, 158.6150390625, 18.1794140625)
(200.114375, 96.207109375, 57.485078125)
(66.1280859375, 72.3130859375, 77.4842578125)
(111.5840625, 77.0209765625, 97.924453125)
(140.878046875, 164.188125, 185.63796875)
(193.461796875, 154.902890625, 125.3473046875)
(109.0973046875, 86.7319140625, 82.6832421875)
(203.02109375, 179.1840625, 163.617421875)
(196.0669140625, 140.69890625, 65.10109375)
(144.607578125, 178.6762890625, 201.1903125)
(198.08765625, 198.25203125, 199.7354296875)
(172.83484375, 100.234140625, 192.648046875)
(107.5205859375, 35.3379296875, 19.6485546875)
(3733.3865625, 3701.67125, 3233.8098828125)
(229.443359375, 28.39296875, 16.1383984375)
(133.2313671875, 107.2639453125, 80.659921875)
(105.3482421875, 87.431328125, 70.26453125)
(113.4933203125, 70.388046875, 74.202421875)
(194.38484375, 189.60734375, 198.19484375)
(24.6881640625, 24.0644140625, 23.9922265625)
(226.7956640625, 165.716796875, 60.71046875)
(215.5143359375, 169.0884375, 69.31046875)
(174.9066015625, 86.167421875, 58.4952734375)
(101.3683203125, 121.560078125, 142.1059765625)
(165.6642578125, 112.8262109375, 81.553046875)
(152.9448828125, 142.4578125, 169.67046875)
(148.165, 119.793046875, 53.376015625)
(180.9193359375, 192.97015625, 195.8701171875)
(174.1410546875, 166.7597265625, 153.568828125)
(215.141953125, 148.481953125, 31.0228515625)
(172.9014453125, 99.751171875, 192.74125)
(210.6640234375, 164.899921875, 42.3808984375)
(105.0675390625, 73.5001953125, 53.2453125)
(193.058984375, 154.714453125, 115.134296875)
(50.0760546875, 155.69484375, 201.3961328125)
(72.9269921875, 58.37015625, 50.225859375)
(218.84796875, 162.8108984375, 47.6837109375)
(226.4547265625, 179.9521875, 179.9521875)
(124.5760546875, 128.6580859375, 119.259609375)
(155.4744140625, 158.654765625, 161.410234375)
(170.9730078125, 121.615859375, 93.836015625)
(195.129140625, 193.1915625, 177.985625)
(166.04453125, 162.8106640625, 157.5384765625)
(112.4572265625, 117.8269921875, 119.122421875)
(127.0908984375, 130.8817578125, 114.89375)
(110.413984375, 51.73453125, 98.107421875)
(139.2904296875, 175.7576171875, 168.99296875)
(109.0690234375, 103.831953125, 105.2994921875)
(233.3824609375, 144.276171875, 144.276171875)
(139.0151953125, 129.8303125, 119.630859375)
(36.1840234375, 17.915859375, 34.1611328125)
(211.8249609375, 167.1795703125, 165.1953515625)
(149.1783203125, 145.1786328125, 127.703046875)
(115.54171875, 69.093203125, 41.9553515625)
(198.76734375, 175.7248828125, 62.6319921875)
(174.3862109375, 173.519140625, 172.2641015625)
(95.95734375, 89.3040625, 83.4676953125)
(185.3328125, 185.5269140625, 185.8399609375)
(142.1125, 139.8794140625, 134.774296875)
(152.3056640625, 104.293046875, 84.94328125)
(198.0333984375, 142.5091796875, 102.393125)
(222.0921875, 180.9183203125, 186.1839453125)
(0.0, 0.0, 0.0)
(198.28125, 187.986171875, 155.0559375)
(102.5300390625, 74.002109375, 59.825078125)
(160.059375, 73.1290625, 82.656015625)
(172.2858984375, 172.2858984375, 202.82546875)
(117.36375, 100.5405859375, 70.04375)
(0.0, 0.0, 0.0)
(114.91234375, 100.3119140625, 99.1779296875)
(229.290078125, 91.256640625, 77.800546875)
(221.9323828125, 175.774609375, 175.9696484375)
(195.3439453125, 147.1983203125, 151.915625)
(83.38796875, 76.37953125, 67.65859375)
(106.924609375, 108.3282421875, 111.719140625)
(172.2634375, 178.8627734375, 182.8128125)
(177.9030859375, 202.44828125, 218.8030078125)
(51.5318359375, 192.52140625, 56.3483203125)
(82.968125, 67.8317578125, 59.74125)
(190.9031640625, 117.0326953125, 90.1422265625)
(127.329296875, 87.2370703125, 62.546953125)
(119.0339453125, 86.822421875, 65.3782421875)
(176.7084765625, 123.285234375, 73.4851953125)
(149.45984375, 137.8555078125, 119.9565234375)
(228.8590625, 161.3441796875, 91.8401171875)
(16.365625, 146.156640625, 189.0503515625)
(75.0540234375, 36.155625, 34.2003515625)
(197.29265625, 174.9556640625, 142.9280078125)
(147.22421875, 133.050078125, 123.775546875)
(199.9398828125, 145.29625, 70.850546875)
(166.40765625, 143.9330078125, 146.2476171875)
(171.1937109375, 115.9999609375, 138.41078125)
(104.9940625, 100.58546875, 103.7015625)
(115.80703125, 120.3026953125, 122.81125)
(204.0156640625, 119.1684375, 119.3421875)
(248.47375, 159.352109375, 19.6461328125)
(148.3576171875, 131.1410546875, 118.3768359375)
(177.28640625, 157.9048046875, 139.534453125)
(152.5533984375, 106.9273828125, 28.76453125)
(147.7194140625, 135.1231640625, 123.153671875)
(5.5721875, 89.7386328125, 103.0115625)
(119.1694921875, 113.2153515625, 114.2416796875)
(49.9282421875, 54.09953125, 52.17234375)
(138.5331640625, 113.2745703125, 97.9824609375)
(178.829765625, 121.0877734375, 71.7211328125)
(89.9878125, 69.3998046875, 67.992109375)
(52.4801171875, 43.249453125, 39.4569140625)
(209.26, 163.151875, 163.9308203125)
(119.62734375, 107.3031640625, 105.690625)
(131.7958984375, 85.0088671875, 73.0227734375)
(222.71328125, 198.5003125, 174.140625)
(41.968515625, 32.8427734375, 27.0921484375)
(133.9048046875, 114.9190234375, 106.376796875)
(127.585078125, 127.4868359375, 127.1148046875)
(206.773046875, 183.776796875, 141.7956640625)
(176.3902734375, 183.719921875, 88.2485546875)
(205.711640625, 202.2480078125, 158.3030859375)
(206.087109375, 85.93, 89.0849609375)
(124.9116796875, 112.5099609375, 98.8294921875)
(148.9375, 206.7009375, 202.488359375)
(158.7331640625, 116.0322265625, 98.076640625)
(166.8811328125, 116.847890625, 87.1773046875)
(175.3415234375, 181.7944921875, 187.6569921875)
(191.9040625, 178.619765625, 165.3103515625)
(117.1455078125, 114.7158984375, 110.9215234375)
(157.706171875, 160.89046875, 165.2005859375)
(100.8991796875, 91.672265625, 74.3236328125)
(60.173671875, 56.8719921875, 21.5152734375)
(198.293359375, 202.80109375, 177.0337109375)
(227.4939453125, 193.715703125, 190.769140625)
(140.6880078125, 91.851796875, 73.6026953125)
(124.74390625, 128.039296875, 116.5620703125)
(185.5415234375, 17.0587109375, 17.0587109375)
(157.8025, 167.2084765625, 169.6377734375)
(91.1472265625, 82.5455078125, 105.0742578125)
(144.124375, 109.3032421875, 76.0260546875)
(148.74140625, 185.8159765625, 178.398125)
(77.8341796875, 64.466875, 44.217578125)
(230.8358203125, 162.6950390625, 51.4149609375)
(140.5625, 124.3064453125, 105.267578125)
(228.5077734375, 175.431796875, 173.8119921875)
(46.57625, 44.135859375, 41.7866015625)
(190.23203125, 184.2630078125, 168.9878125)
(57.51328125, 46.1305859375, 40.9533203125)
(191.916796875, 167.2727734375, 180.0518359375)
(77.69515625, 108.752578125, 134.82484375)
(147.4424609375, 154.989140625, 109.283671875)
(162.2444140625, 157.8081640625, 158.69859375)
(148.203359375, 103.90015625, 76.291015625)
(0.0, 0.0, 0.0)
(212.584375, 172.90828125, 182.1062890625)
(137.5913671875, 130.7996484375, 117.0759375)
(174.718203125, 150.882734375, 105.20078125)
(160.71453125, 121.606015625, 95.124765625)
(90.137265625, 125.771875, 80.405703125)
(86.5532421875, 79.3491796875, 81.4817578125)
(0.0, 0.0, 0.0)
(232.8155078125, 166.8704296875, 47.516875)
(167.23859375, 139.5564453125, 125.9387109375)
(117.017734375, 81.7906640625, 43.029609375)
(205.5663671875, 205.436875, 206.5222265625)
(140.2698046875, 163.580234375, 185.06078125)
(122.73984375, 67.880078125, 69.6063671875)
(208.0208203125, 201.25765625, 199.7840625)
(218.6028125, 180.489296875, 142.661015625)
(128.416875, 123.7311328125, 119.039296875)
(99.3443359375, 43.2044921875, 43.2044921875)
(57.964609375, 138.7450390625, 224.5937890625)
(78.90703125, 38.9266015625, 83.050625)
(199.697265625, 208.768828125, 216.0211328125)
(184.6155078125, 147.3567578125, 95.2317578125)
(176.0263671875, 177.2791015625, 178.04625)
(221.587734375, 155.306953125, 43.835078125)
(203.180703125, 157.8102734375, 68.0141796875)
(183.6819921875, 149.9421875, 170.3088671875)
(139.0637890625, 148.984375, 153.1715625)
(142.41984375, 107.23265625, 79.72234375)
(148.424296875, 195.1232421875, 163.8806640625)
(142.3405078125, 140.9037890625, 141.7982421875)
(148.4487890625, 158.3506640625, 136.3655859375)
(90.0403125, 79.5566015625, 70.7246875)
(160.8159375, 129.363046875, 60.0028125)
(200.231484375, 137.965703125, 137.966171875)
(229.0233984375, 160.5836328125, 55.2618359375)
(190.30078125, 159.9953125, 107.319921875)
(101.2574609375, 48.7907421875, 50.7093359375)
(103.37921875, 137.9290625, 74.4135546875)
(140.77765625, 96.298359375, 117.5455859375)
(142.6259765625, 97.5155078125, 71.751484375)
(44.0401953125, 44.040703125, 44.0410546875)
(150.664765625, 115.571796875, 79.6484375)
(18.65234375, 12.5093359375, 19.32484375)
(240.3339453125, 207.84546875, 175.4194921875)
(249.0774609375, 172.9493359375, 59.55265625)
(205.283828125, 205.150859375, 206.201328125)
(170.3677734375, 186.4611328125, 201.288203125)
(209.5904296875, 207.5356640625, 206.01)
(143.2408203125, 177.746875, 160.65265625)
(163.9258984375, 157.2187109375, 157.407578125)
(75.6723046875, 69.9384375, 47.6914453125)
(150.480546875, 121.9908984375, 101.5357421875)
(188.5848828125, 184.7126171875, 166.210390625)
(192.6361328125, 153.7771484375, 71.59734375)
(134.9227734375, 97.13640625, 45.2752734375)
(0.0, 0.0, 0.0)
(65.1194140625, 94.8211328125, 112.6216015625)
(116.410546875, 73.0409765625, 72.1596484375)
(83.72609375, 148.68890625, 36.69625)
(118.19015625, 118.6122265625, 119.326640625)
(196.481171875, 172.2834765625, 120.3595703125)
(152.8239453125, 78.07796875, 72.552578125)
(181.13796875, 162.946484375, 130.1441796875)
(144.8847265625, 203.10703125, 149.4714453125)
(87.347734375, 30.647109375, 32.4268359375)
(204.123828125, 137.8289453125, 27.24359375)
(208.992890625, 166.790625, 48.352109375)
(151.2816796875, 85.586640625, 131.703046875)
(121.0695703125, 102.379453125, 93.2090234375)
(131.439140625, 127.8919921875, 118.201484375)
(47.608046875, 35.1923046875, 29.150859375)
(241.2036328125, 184.0933203125, 51.28125)
(166.4955859375, 167.0894921875, 160.742109375)
(145.028671875, 137.5034375, 125.9869921875)
(202.5496484375, 150.018984375, 110.3784375)
(90.1750390625, 103.6885546875, 121.0797265625)
(160.256875, 165.714375, 65.941640625)
(109.4594921875, 90.6321484375, 37.5613671875)
(92.85390625, 186.869453125, 41.271875)
(147.0571875, 138.5548046875, 137.473828125)
(172.9537109375, 149.7784375, 94.36640625)
(204.5016015625, 148.353671875, 91.2415234375)
(205.1186328125, 184.1108203125, 154.4416015625)
(135.600625, 79.3959375, 69.36296875)
(144.3903125, 166.9172265625, 187.6555859375)
(55.616015625, 51.1146484375, 45.9076953125)
(205.245546875, 205.1101953125, 206.1874609375)
(103.5426171875, 87.8675, 96.4311328125)
(144.6870703125, 125.9969140625, 114.305)
(223.540703125, 170.138515625, 137.249609375)
(204.8407421875, 203.457734375, 183.12921875)
(122.866171875, 38.2480078125, 38.2480078125)
(4378.834140625, 3693.8690234375, 2511.9007421875)
(81.239921875, 96.5109375, 123.0303515625)
(195.5525, 60.793828125, 127.195078125)
(144.4644921875, 138.9587109375, 128.5959375)
(228.14828125, 79.514609375, 65.0065234375)
(200.6234375, 142.8381640625, 107.5751171875)
(138.390703125, 146.1573828125, 201.0740625)
(196.2508203125, 166.8960546875, 175.4526171875)
(191.8933203125, 175.3730078125, 147.2312890625)
(57.09171875, 52.995859375, 47.04078125)
(98.5331640625, 92.5674609375, 98.94546875)
(229.3968359375, 163.8942578125, 46.9791796875)
(141.0808984375, 164.2405859375, 185.56921875)
(212.59484375, 178.0074609375, 131.1962890625)
(207.59484375, 152.2624609375, 60.067109375)
(115.766015625, 65.8757421875, 62.03078125)
(204.9334375, 198.4991796875, 206.2225)
(177.93828125, 149.4178125, 80.8085546875)
(162.348359375, 150.3079296875, 129.476953125)
(143.1256640625, 113.79078125, 98.05578125)
(70.1764453125, 75.709296875, 93.0337109375)
(95.451015625, 57.7834765625, 34.9323046875)
(176.7405078125, 188.9322265625, 195.2596875)
(38.8474609375, 20.8514453125, 36.639375)
(153.9112890625, 193.4917578125, 124.9641796875)
(205.3524609375, 205.226875, 206.287421875)
(178.6383984375, 160.315859375, 135.6051953125)
(136.4612890625, 160.8666796875, 183.3291015625)
(104.371171875, 89.5895703125, 29.621015625)
(116.075234375, 69.136640625, 41.9492578125)
(92.047734375, 67.4562109375, 59.8470703125)
(165.5423828125, 126.7206640625, 105.347109375)
(166.544296875, 153.7520703125, 101.13296875)
(129.24625, 76.47453125, 83.07828125)
(145.123671875, 114.04015625, 103.6934375)
(223.5358984375, 152.1906640625, 199.4330078125)
(141.904765625, 96.5276171875, 92.402890625)
(237.841171875, 196.8145703125, 46.4380859375)
(15.761484375, 11.1673046875, 19.0588671875)
(145.570703125, 125.3237109375, 125.1540234375)
(82.9231640625, 76.1251953125, 74.3816015625)
(205.9148828125, 149.57375, 170.6747265625)
(181.0996875, 152.7869140625, 150.80875)
(151.1250390625, 152.53421875, 155.9048046875)
(91.4216796875, 78.8808984375, 46.7159765625)
(178.210625, 167.035234375, 162.5126171875)
(106.9506640625, 61.37484375, 26.877734375)
(204.09609375, 201.524765625, 201.9550390625)
(95.40875, 104.888984375, 116.26390625)
(177.7435546875, 181.8055859375, 128.4059375)
(202.1016796875, 173.95375, 129.7252734375)
(26.5930078125, 19.1975390625, 19.1775390625)
(161.008046875, 162.948671875, 188.494765625)
(141.0784375, 164.2396875, 185.5699609375)
(91.5352734375, 84.5035546875, 75.703671875)
(174.2572265625, 159.1066796875, 142.7769921875)
(94.038828125, 94.42390625, 102.0351953125)
(130.8800390625, 108.15890625, 99.5790625)
(204.622265625, 92.3351171875, 90.3962890625)
(224.2208984375, 221.7335546875, 219.29625)
(84.194296875, 82.7290234375, 40.4852734375)
(171.0716015625, 97.0116796875, 191.3526953125)
(61.8048046875, 45.1871875, 37.6100390625)
(201.6467578125, 171.055234375, 115.6756640625)
(59.5375, 68.5312109375, 89.468515625)
(96.4802734375, 87.358203125, 88.404765625)
(194.3902734375, 155.72515625, 73.74703125)
(230.490234375, 167.0289453125, 36.848671875)
(231.6244140625, 211.4138671875, 206.6224609375)
(138.4498046875, 138.311171875, 140.0066015625)
(122.8725, 110.2537109375, 101.1708203125)
(172.290546875, 139.669140625, 104.452109375)
(221.0261328125, 172.9838671875, 138.38625)
(184.304609375, 146.8853125, 34.6344140625)
(159.2437109375, 93.085546875, 95.5841796875)
(126.3823046875, 112.039609375, 103.4551953125)
(196.5050390625, 204.4944140625, 220.766328125)
(155.4676953125, 161.9703515625, 170.0987890625)
(76.4998046875, 67.2101171875, 58.0308984375)
(150.9605859375, 63.042109375, 35.814296875)
(164.6130859375, 202.3948046875, 196.701171875)
(129.6971875, 136.2839453125, 143.1520703125)
(177.59140625, 151.5382421875, 137.82765625)
(238.484765625, 57.743984375, 52.75703125)
(230.255859375, 165.0971875, 47.5930078125)
(130.5557421875, 97.4621484375, 76.624296875)
(72.693203125, 74.754453125, 51.0447265625)
(215.16375, 131.7627734375, 104.6233984375)
(125.6991796875, 82.19921875, 67.3399609375)
(141.51296875, 164.78703125, 186.209921875)
(233.3824609375, 165.7365625, 165.7365625)
(228.1678125, 162.16234375, 46.491015625)
(201.388125, 186.802578125, 175.2208984375)
(217.5394140625, 165.7186328125, 74.41578125)
(201.611875, 20.430546875, 4.4401953125)
(97.466640625, 86.712890625, 84.2040625)
(93.095234375, 133.0967578125, 67.6787890625)
(174.393671875, 152.246875, 97.8298046875)
(41.8074609375, 44.933046875, 48.7537109375)
(64.5592578125, 78.4068359375, 99.70453125)
(99.8890625, 77.465234375, 60.3691796875)
(144.1019921875, 103.525234375, 92.1308203125)
(123.122421875, 63.624765625, 96.5405859375)
(218.8369921875, 173.4154296875, 85.121171875)
(171.10671875, 155.937265625, 154.05984375)
(162.4046875, 157.2248828125, 160.6633984375)
(232.7022265625, 99.8512109375, 26.13015625)
(133.2830078125, 150.489765625, 94.9221875)
(206.525390625, 158.751484375, 70.2700390625)
(135.6387890625, 160.1366015625, 182.70328125)
(161.40375, 158.412109375, 163.95046875)
(0.0, 0.0, 0.0)
(21.0015234375, 15.440703125, 22.31)
(66.850390625, 58.53859375, 58.592890625)
(143.9803515625, 92.5196875, 106.7093359375)
(153.7781640625, 113.819609375, 118.793125)
(40.1569921875, 22.381328125, 38.43625)
(168.485859375, 188.7439453125, 143.54546875)
(205.3931640625, 205.24359375, 206.293984375)
(118.7919140625, 110.6948046875, 69.1842578125)
(135.639296875, 160.1351953125, 182.7004296875)
(177.538046875, 151.7991015625, 101.64703125)
(197.71390625, 148.1550390625, 54.51265625)
(227.6975, 173.6, 80.9641796875)
(186.17390625, 123.0770703125, 73.7219921875)
(95.383359375, 79.0190625, 72.8560546875)
(196.5946875, 186.0862890625, 182.72859375)
(71.6243359375, 146.183984375, 225.6565234375)
(141.0479296875, 125.5497265625, 118.599140625)
(216.5304296875, 129.2846484375, 133.8866796875)
(136.2070703125, 168.2682421875, 198.7187109375)
(65.2199609375, 48.132578125, 40.0515234375)
(159.5303125, 120.517109375, 93.436015625)
(141.7825390625, 118.8863671875, 101.8214453125)
(205.397109375, 205.2877734375, 206.3491015625)
(99.0790625, 100.48640625, 98.012890625)
(233.2971484375, 4.994453125, 4.841328125)
(162.5994140625, 136.67703125, 87.7131640625)
(201.8284375, 151.78765625, 68.9810546875)
(164.959296875, 127.931796875, 79.556015625)
(181.106796875, 141.4857421875, 112.597890625)
(121.0027734375, 103.476796875, 50.8309375)
(118.5901171875, 110.3356640625, 104.236640625)
(190.0179296875, 116.899609375, 54.8609375)
(185.4430859375, 23.518125, 23.518125)
(95.923984375, 46.07765625, 98.20625)
(169.80828125, 156.0963671875, 136.8770703125)
(57.55109375, 57.202578125, 69.2458984375)
(118.73953125, 111.6473046875, 105.7828515625)
(169.890078125, 179.319921875, 201.066484375)
(215.427265625, 110.5219140625, 88.051953125)
(195.7240625, 184.35578125, 105.502265625)
(248.8565625, 175.187734375, 65.516328125)
(27.156796875, 27.334921875, 28.98734375)
(205.1841796875, 205.056015625, 206.1384765625)
(152.868203125, 153.1871875, 153.3153515625)
(132.1294140625, 157.4280859375, 180.72828125)
(168.55953125, 157.3634375, 157.3634375)
(181.55875, 123.7201171875, 104.9)
(229.7275, 163.9883984375, 46.8693359375)
(153.335546875, 158.55796875, 161.5902734375)
(180.89140625, 199.3244921875, 138.1108984375)
(164.5564453125, 185.6258203125, 152.7427734375)
(160.8729296875, 140.3520703125, 86.4875390625)
(130.049140625, 155.72671875, 179.3398828125)
(19.8662890625, 20.300390625, 18.7430078125)
(128.3916015625, 124.0187109375, 130.7483984375)
(109.53515625, 94.1819140625, 80.4166796875)
(130.47046875, 98.45109375, 86.9648828125)
(49.0501953125, 51.7368359375, 55.17921875)
(0.0, 0.0, 0.0)
(182.8473828125, 137.038359375, 55.437265625)
(232.6990625, 171.865625, 56.1648828125)
(178.03984375, 142.95859375, 118.334375)
(86.975390625, 60.113828125, 44.1847265625)
(106.2934375, 94.0441796875, 84.0917578125)
(121.8751171875, 84.45546875, 61.0073046875)
(130.003515625, 155.803984375, 179.5460546875)
(149.845859375, 156.424375, 179.0959375)
(230.7984375, 161.8305859375, 46.3976953125)
(57.5925, 54.402734375, 54.057734375)
(99.520234375, 85.3390234375, 86.0721484375)
(86.889921875, 73.07828125, 59.51828125)
(128.5470703125, 122.6984375, 119.9072265625)
(124.6015625, 130.989296875, 83.5887890625)
(179.571875, 182.2571484375, 173.81234375)
(18.1242578125, 18.5038671875, 18.0086328125)
(41.146953125, 32.6590234375, 26.9090234375)
(145.830078125, 140.8824609375, 128.9419921875)
(223.9255078125, 157.357265625, 43.3392578125)
(246.1496484375, 157.250703125, 45.9522265625)
(226.2687890625, 167.7225390625, 78.5466796875)
(149.8515234375, 104.398984375, 77.1609765625)
(18.3754296875, 18.892734375, 19.705859375)
(100.2571875, 69.395859375, 49.9137890625)
(189.6305859375, 165.7700390625, 167.5460546875)
(130.92453125, 97.619140625, 85.0962109375)
(192.2209375, 140.256796875, 102.60109375)
(144.5011328125, 122.325, 72.723828125)
(228.6225, 87.928203125, 74.1483984375)
(89.2835546875, 43.8213671875, 84.765078125)
(88.5107421875, 84.4998828125, 89.129921875)
(185.69875, 201.6902734375, 187.31375)
(99.9980078125, 72.506328125, 69.9487109375)
(196.9883203125, 189.2160546875, 178.694140625)
(217.51703125, 95.212890625, 81.534765625)
(208.1010546875, 174.9161328125, 149.914296875)
(116.17953125, 112.4902734375, 120.065703125)
(113.686796875, 79.115078125, 43.4498046875)
(66.8008984375, 35.031875, 18.2941015625)
(246.50375, 156.423203125, 43.100703125)
(219.94140625, 67.572265625, 134.6698046875)
(2.7418359375, 2.7219140625, 2.7219140625)
(145.7488671875, 165.83265625, 121.187265625)
(142.3929296875, 97.6858203125, 72.015234375)
(79.6544140625, 78.2558203125, 89.0165234375)
(169.5082421875, 163.4003515625, 171.715703125)
(142.424609375, 145.9644140625, 148.93609375)
(196.6078515625, 196.9045703125, 188.1053125)
(169.9040625, 174.9678515625, 156.05484375)
(124.0803125, 116.9121484375, 111.2003515625)
(230.624296875, 157.074921875, 51.897421875)
(142.5037890625, 167.4965234375, 176.08921875)
(184.9096484375, 158.8247265625, 147.024140625)
(167.0947265625, 157.4040234375, 159.5476171875)
(205.43953125, 203.706328125, 203.706328125)
(113.2378515625, 121.3198828125, 123.8851953125)
(200.2492578125, 148.86421875, 110.2759375)
(154.1206640625, 142.762421875, 128.57609375)
(171.8082421875, 97.8955859375, 191.9114453125)
(124.2091796875, 101.9557421875, 48.302734375)
(138.8423046875, 162.6817578125, 184.6246484375)
(114.9409375, 101.1948046875, 93.2169921875)
(174.4742578125, 103.5515625, 193.7338671875)
(78.2183984375, 48.8851953125, 50.1257421875)
(205.5105859375, 205.38765625, 206.4140625)
(223.80328125, 163.0005859375, 59.0160546875)
(179.20390625, 123.6421875, 23.534765625)
(189.3915625, 183.04046875, 176.8401953125)
(192.2240625, 192.7823828125, 181.43359375)
(149.174375, 138.700703125, 135.962578125)
(92.0823046875, 80.44921875, 43.4429296875)
(146.4617578125, 87.1548046875, 124.9807421875)
(226.692578125, 225.9326171875, 227.157109375)
(181.6149609375, 173.83078125, 141.10359375)
(198.42828125, 181.65453125, 156.85640625)
(201.4153125, 170.4584375, 145.91296875)
(94.7349609375, 95.3151171875, 95.8588671875)
(177.891953125, 165.481640625, 158.2409375)
(197.26015625, 48.3275, 132.7315625)
(96.670546875, 135.750390625, 167.4884375)
(102.7918359375, 138.9542578125, 86.91125)
(185.5185546875, 187.5634765625, 123.280625)
(124.0245703125, 101.4577734375, 96.7466796875)
(86.4491015625, 62.33828125, 46.7036328125)
(243.4255859375, 200.2995703125, 92.249296875)
(188.7993359375, 179.9790625, 180.025546875)
(76.1730078125, 84.7781640625, 102.1796484375)
(102.3190625, 80.30859375, 78.422109375)
(61.1924609375, 62.1973046875, 45.883203125)
(73.03890625, 58.4464453125, 50.310859375)
(142.1478515625, 165.17015625, 186.4023046875)
(151.3451171875, 132.39296875, 98.658359375)
(175.2370703125, 138.5505078125, 120.6822265625)
(165.9523828125, 157.699296875, 143.058359375)
(185.329296875, 154.12703125, 76.702109375)
(168.2516796875, 143.0728125, 93.2662109375)
(183.21140625, 134.065, 98.5586328125)
(178.26390625, 124.4069140625, 84.4832421875)
(124.136953125, 113.23046875, 102.54859375)
(108.5780859375, 141.94359375, 152.03703125)
(199.9653125, 176.431015625, 150.8887109375)
(140.5876171875, 164.0071484375, 185.5728125)
(134.89875, 110.16390625, 102.0195703125)
(142.470859375, 183.151171875, 134.9440234375)
(206.530859375, 206.3777734375, 207.4252734375)
(229.270859375, 177.43234375, 42.253359375)
(136.5811328125, 106.998359375, 87.131015625)
(135.511875, 160.005546875, 182.550078125)
(137.2570703125, 161.3235546875, 183.470625)
(139.667734375, 161.9123046875, 150.2656640625)
(106.106484375, 124.2104296875, 65.302734375)
(126.8000390625, 114.89671875, 114.89671875)
(95.7837890625, 74.0495703125, 91.6586328125)
(169.6762109375, 131.0425390625, 72.120078125)
(52.0844140625, 46.6508203125, 43.156015625)
(57.4976171875, 33.202890625, 33.202890625)
(216.08765625, 178.10375, 67.4005078125)
(186.6862890625, 161.42390625, 108.5551171875)
(65.0646875, 47.9680859375, 39.8865234375)
(205.11078125, 162.1322265625, 102.5977734375)
(140.8477734375, 164.2552734375, 185.8109375)
(88.056796875, 74.88390625, 67.402109375)
(145.837265625, 144.725625, 146.591953125)
(139.0418359375, 201.061640625, 201.101484375)
(119.8659765625, 114.0822265625, 114.78)
(195.3428125, 155.4658203125, 67.849375)
(115.983203125, 90.8401953125, 83.046796875)
(154.5731640625, 136.833046875, 102.9926171875)
(182.3337890625, 119.5889453125, 199.2477734375)
(187.94, 179.222421875, 144.4675390625)
(135.2615234375, 91.59203125, 63.1019140625)
(184.751171875, 193.4545703125, 205.556328125)
(188.2264453125, 151.0266015625, 132.3371484375)
(60.8888671875, 45.2280078125, 45.4010546875)
(65.0478125, 62.14953125, 73.3353515625)
(98.899609375, 77.1728515625, 37.640703125)
(238.73296875, 138.216953125, 9.787109375)
(151.70671875, 172.468984375, 191.5951953125)
(151.7133203125, 151.941640625, 146.0779296875)
(118.5223046875, 68.506875, 76.864765625)
(141.9402734375, 95.7670703125, 71.3339453125)
(62.2828515625, 45.5600390625, 37.6994140625)
(133.300546875, 69.2167578125, 98.4835546875)
(212.352734375, 211.733203125, 198.393671875)
(156.664453125, 132.5932421875, 97.233984375)
(199.488984375, 118.063828125, 67.758125)
(110.619765625, 75.111953125, 69.9798046875)
(153.8180078125, 143.3606640625, 133.1608203125)
(227.2102734375, 78.35890625, 63.8064453125)
(168.7246484375, 134.785546875, 93.2746875)
(198.438671875, 146.215, 107.1980859375)
(90.4180078125, 66.888828125, 47.4734765625)
(119.8845703125, 93.21140625, 64.1998828125)
(99.850390625, 116.273671875, 49.170859375)
(166.5234765625, 191.5552734375, 195.55015625)
(111.145390625, 1.742421875, 1.742421875)
(91.00171875, 115.1276171875, 58.848046875)
(140.870859375, 164.181640625, 185.636328125)
(93.3376953125, 78.4912890625, 71.5228515625)
(206.4334765625, 206.2898046875, 207.29203125)
(210.8906640625, 189.2566015625, 175.5353515625)
(30.5276171875, 27.7520703125, 22.4037109375)
(207.9632421875, 189.1555078125, 149.117109375)
(200.167109375, 190.104296875, 177.54484375)
(102.9282421875, 96.785078125, 102.4821875)
(199.1659765625, 170.4263671875, 173.3397265625)
(193.298515625, 128.453828125, 47.1911328125)
(85.7846875, 61.239296875, 61.2766796875)
(193.6848046875, 177.526796875, 184.9090234375)
(155.6008984375, 137.9795703125, 168.5383203125)
(210.2602734375, 154.39671875, 118.206875)
(165.2250390625, 174.1903515625, 165.44875)
(81.62609375, 83.69703125, 102.5517578125)
(147.9003515625, 95.0369140625, 90.9769921875)
(156.5983203125, 138.6512890625, 167.12125)
(131.0101171875, 114.7910546875, 61.66765625)
(196.5043359375, 146.7669921875, 123.571015625)
(141.599609375, 121.6570703125, 109.443984375)
(103.2216796875, 71.23671875, 51.82546875)
(156.7659375, 144.27078125, 132.848046875)
(229.5562890625, 147.9446875, 179.038515625)
(126.8318359375, 125.3292578125, 113.0260546875)
(111.9799609375, 82.3662109375, 54.3978515625)
(138.2988671875, 132.14234375, 133.4748046875)
(135.9123046875, 145.3645703125, 152.487578125)
(160.430859375, 160.430859375, 160.430859375)
(181.6410546875, 148.5682421875, 93.2523046875)
(208.843515625, 164.40140625, 58.8851953125)
(132.1298828125, 126.612890625, 119.1211328125)
(109.899296875, 93.59015625, 74.090625)
(74.353046875, 54.5709375, 62.363125)
(183.2450390625, 178.9659765625, 151.5742578125)
(169.443671875, 183.15015625, 198.4012109375)
(170.4183203125, 117.7938671875, 60.85390625)
(143.9637890625, 166.5137109375, 187.2662890625)
(72.1871484375, 57.783203125, 49.8203515625)
(121.7773828125, 120.542578125, 119.292890625)
(9.4315625, 71.1376171875, 13.52359375)
(120.8919140625, 115.8678125, 93.291328125)
(122.463984375, 115.776640625, 113.686796875)
(166.0883203125, 144.422109375, 129.2237890625)
(192.8816796875, 188.1002734375, 179.861015625)
(236.60328125, 201.829921875, 108.0526171875)
(121.6970703125, 114.8280859375, 84.6178125)
(205.7775, 145.2098828125, 29.116015625)
(160.844609375, 142.666484375, 169.6934375)
(156.39765625, 128.9230078125, 101.971171875)
(161.3280078125, 144.3255859375, 114.6119140625)
(123.2172265625, 79.646328125, 102.4269140625)
(78.893671875, 59.157578125, 50.5849609375)
(177.4448046875, 133.037578125, 128.995390625)
(190.3046875, 164.61234375, 150.9584375)
(222.08515625, 196.388515625, 97.67359375)
(47.99734375, 56.2885546875, 68.984921875)
(219.0360546875, 69.8007421875, 35.944296875)
(205.0457421875, 143.7692578125, 146.089453125)
(210.7783203125, 211.4005078125, 216.15859375)
(181.76, 126.493046875, 23.1651171875)
(183.87078125, 178.514765625, 166.381875)
(131.777265625, 157.2487890625, 180.6952734375)
(167.5365234375, 127.2894921875, 138.7587109375)
(194.4353515625, 147.3159765625, 133.8448046875)
(119.6451953125, 72.620625, 44.0598828125)
(191.9056640625, 165.636484375, 165.23484375)
(157.7554296875, 91.2665234375, 136.0475390625)
(143.96859375, 109.33125, 92.9236328125)
(78.562734375, 74.26875, 65.73203125)
(164.1515234375, 130.9723828125, 71.3025)
(207.94140625, 195.5890234375, 195.8726953125)
(76.7281640625, 75.4574609375, 74.9758984375)
(195.330234375, 164.6987890625, 179.2508203125)
(128.5843359375, 129.5321484375, 130.71953125)
(238.0296875, 218.6165625, 126.4628515625)
(165.56734375, 122.6867578125, 103.049609375)
(190.720625, 206.1998828125, 222.09234375)
(108.3853125, 78.040078125, 57.461953125)
(160.2444140625, 138.6529296875, 103.9357421875)
(84.4951171875, 91.63203125, 98.5112109375)
(0.0, 0.0, 0.0)
(195.2732421875, 146.801796875, 141.749296875)
(153.1738671875, 160.905703125, 167.5065625)
(142.265, 165.15328125, 186.2260546875)
(210.2060546875, 152.5878515625, 104.2856640625)
(194.415234375, 166.403828125, 166.521875)
(63.1098828125, 51.7134765625, 43.8204296875)
(165.0473828125, 160.585078125, 143.7963671875)
(173.3541796875, 134.869296875, 134.3819140625)
(205.00609375, 160.0422265625, 123.7921484375)
(229.6968359375, 164.8784765625, 47.7783984375)
(218.59125, 151.9331640625, 32.1066015625)
(186.386796875, 155.629375, 79.1075390625)
(222.3215625, 156.21421875, 66.3665625)
(211.8128125, 203.877109375, 195.2703125)
(161.4841796875, 138.0752734375, 65.167578125)
(133.3232421875, 118.649140625, 133.7558984375)
(202.1634375, 145.5899609375, 59.948828125)
(208.5582421875, 154.7830859375, 86.8159375)
(162.51640625, 159.273203125, 137.50203125)
(208.3718359375, 188.5294140625, 93.97328125)
(105.580234375, 103.7142578125, 101.931171875)
(184.8044921875, 151.558671875, 148.07578125)
(84.698359375, 87.316953125, 100.8038671875)
(216.290390625, 164.910078125, 45.7448046875)
(161.9422265625, 163.247109375, 163.811015625)
(125.1819140625, 137.10890625, 124.5494921875)
(189.487109375, 142.7403125, 27.907734375)
(120.95359375, 85.297578125, 112.92078125)
(175.3484375, 142.0505859375, 61.2030859375)
(150.94640625, 142.7905078125, 132.296796875)
(176.009296875, 87.877734375, 59.9085546875)
(202.14, 119.6031640625, 112.9650390625)
(131.6154296875, 118.2643359375, 120.5379296875)
(122.491171875, 103.6043359375, 97.7247265625)
(140.299296875, 163.6032421875, 185.045703125)
(40.3697265625, 149.2514453125, 204.25296875)
(98.4327734375, 91.4753515625, 91.644140625)
(105.3205859375, 89.9771484375, 41.3170703125)
(223.940546875, 177.4807421875, 142.9423046875)
(198.469140625, 168.4211328125, 93.8755859375)
(3017.969921875, 3373.760546875, 2208.9428125)
(157.625, 108.7612109375, 116.4867578125)
(152.60265625, 113.8827734375, 65.1747265625)
(193.3485546875, 167.89828125, 130.745546875)
(189.864765625, 150.7245703125, 131.74984375)
(184.4009765625, 162.7, 159.650078125)
(44.89, 45.8751171875, 44.7851171875)
(54.441796875, 39.4673828125, 31.710078125)
(151.4313671875, 114.2981640625, 100.5045703125)
(113.743203125, 120.5408984375, 129.1621875)
(108.406171875, 87.019375, 50.466953125)
(41.020859375, 30.8507421875, 30.8507421875)
(150.39328125, 151.743046875, 156.5234765625)
(152.7217578125, 140.08875, 155.900546875)
(223.0114453125, 172.4484765625, 177.72453125)
(184.3900390625, 152.246640625, 121.27046875)
(85.6952734375, 83.0448046875, 93.21359375)
(153.53640625, 159.558125, 183.336484375)
(76.3637109375, 75.8863671875, 103.4079296875)
(187.3684765625, 138.642890625, 157.51640625)
(158.42890625, 159.184609375, 155.9331640625)
(115.418203125, 104.2596484375, 96.8126953125)
(199.2596875, 185.3719921875, 154.272890625)
(165.0996875, 187.726328125, 193.634453125)
(74.413984375, 45.713984375, 28.703671875)
(205.17359375, 176.4882421875, 187.6664453125)
(147.542265625, 149.2289453125, 124.036796875)
(149.867890625, 104.103515625, 76.987578125)
(177.7896875, 109.20515625, 104.3016796875)
(88.3815234375, 69.7633984375, 78.66421875)
(142.2323046875, 133.9440234375, 136.340703125)
(62.87109375, 59.720625, 49.21640625)
(153.186328125, 134.46671875, 89.97796875)
(110.28765625, 92.9572265625, 77.8805078125)
(74.77390625, 42.7626171875, 23.26375)
(65.216953125, 64.8455078125, 45.6878125)
(125.51203125, 103.1025390625, 87.951015625)
(124.149140625, 138.6333984375, 152.8616796875)
(173.0269140625, 100.4916015625, 192.7012109375)
(106.2816015625, 126.3634765625, 149.78703125)
(85.037109375, 76.8558203125, 66.1548828125)
(63.8097265625, 57.843203125, 53.787890625)
(128.4761328125, 121.6365625, 107.734765625)
(205.15765625, 205.0658984375, 206.1132421875)
(82.2849609375, 55.9641796875, 73.710390625)
(161.1602734375, 156.808359375, 129.5680859375)
(86.78296875, 77.5265625, 65.1888671875)
(160.0432421875, 180.325390625, 173.1516015625)
(144.4474609375, 94.128125, 95.2180078125)
(55.66921875, 137.391875, 224.9259765625)
(82.1740625, 55.531015625, 73.0256640625)
(204.18484375, 158.74796875, 83.51546875)
(31.51046875, 30.274296875, 17.7829296875)
(161.7763671875, 125.685390625, 100.0002734375)
(157.1847265625, 151.1201953125, 130.5308203125)
(150.6571484375, 76.5510546875, 70.3925)
(189.0568359375, 173.5630859375, 144.01296875)
(59.8076953125, 139.5252734375, 224.144375)
(68.392578125, 5.7518359375, 5.5841015625)
(141.6976171875, 113.136640625, 93.5434375)
(222.848046875, 184.7219921875, 189.1034765625)
(139.36859375, 111.9484765625, 85.3192578125)
(137.277890625, 131.66671875, 123.70796875)
(81.3521875, 72.1565234375, 63.880625)
(211.3972265625, 214.1959765625, 217.137734375)
(208.235234375, 81.5775, 53.63546875)
(108.8146484375, 88.377265625, 76.149296875)
(181.7402734375, 146.34046875, 61.9814453125)
(170.5662890625, 121.840234375, 84.3377734375)
(172.77953125, 164.490390625, 182.741015625)
(130.7273046875, 90.597734375, 116.0639453125)
(149.37859375, 147.5564453125, 151.76390625)
(171.42453125, 144.4209765625, 76.8634375)
(109.180390625, 78.1355078125, 55.782421875)
(111.675, 111.275, 123.5875)
(192.9484765625, 143.70765625, 68.7241015625)
(230.351171875, 165.1512109375, 47.5769140625)
(3897.2315625, 3889.21453125, 2479.7221875)
(185.0859375, 34.890546875, 26.08609375)
(167.2984375, 116.4034765625, 105.29125)
(56.5819140625, 56.9835546875, 69.6520703125)
(225.6312109375, 185.5159765625, 160.3804296875)
(167.681796875, 120.6170703125, 90.210078125)
(130.357109375, 130.446953125, 124.070234375)
(93.415859375, 109.316953125, 110.2886328125)
(158.4921484375, 117.2398046875, 107.089140625)
(143.0288671875, 97.98203125, 67.1119140625)
(36.8976171875, 28.008046875, 22.578359375)
(223.698359375, 182.25890625, 190.6682421875)
(234.42359375, 147.5134375, 155.5698828125)
(195.759921875, 187.6565234375, 177.21015625)
(208.065703125, 146.26234375, 76.6296484375)
(184.5203125, 197.543515625, 211.268203125)
(95.60796875, 86.33921875, 60.9049609375)
(62.9784765625, 60.8902734375, 65.3486328125)
(31.704140625, 27.93828125, 14.402734375)
(200.3008203125, 202.227265625, 174.6037109375)
(129.52109375, 126.53125, 123.167578125)
(144.5160546875, 158.30796875, 173.0603515625)
(199.96734375, 151.5323046875, 127.254921875)
(139.9316796875, 112.04609375, 98.5403515625)
(135.039296875, 159.7261328125, 182.48359375)
(66.1239453125, 80.630078125, 102.962109375)
(133.5684375, 160.2626171875, 106.586484375)
(142.4021875, 92.9842578125, 104.0573046875)
(222.63703125, 116.721796875, 85.4115625)
(217.4187890625, 161.712734375, 96.2098046875)
(147.2503515625, 172.9972265625, 175.190859375)
(175.0628125, 86.347265625, 56.0059765625)
(98.1189453125, 135.54078125, 158.3405859375)
(142.233515625, 165.500078125, 186.911484375)
(186.924609375, 150.283671875, 81.0350390625)
(172.313671875, 99.155078125, 192.2558203125)
(99.1976953125, 59.769765625, 35.8090234375)
(136.8471484375, 100.0371484375, 93.6172265625)
(29.9387890625, 30.4466015625, 28.686484375)
(133.87875, 158.78015625, 181.7145703125)
(216.81296875, 172.6834375, 139.111640625)
(196.972265625, 165.889296875, 190.674453125)
(153.7983984375, 111.473203125, 93.967265625)
(131.94640625, 173.159609375, 112.0619140625)
(159.411953125, 134.38484375, 72.6244140625)
(109.01515625, 103.1441015625, 100.2419921875)
(151.7131640625, 103.44765625, 77.6863671875)
(187.696015625, 169.911171875, 154.9571484375)
(240.9648828125, 210.0946484375, 76.4651171875)
(84.513046875, 51.6222265625, 31.3048828125)
(85.367890625, 53.711953125, 77.4972265625)
(46.3133203125, 44.6837890625, 43.9564453125)
(161.7037109375, 101.3144140625, 31.2084375)
(178.29515625, 168.7170703125, 191.083828125)
(111.5271875, 119.5041796875, 119.1759375)
(202.268125, 177.1298046875, 143.18703125)
(193.9015234375, 28.893515625, 18.7301953125)
(222.0647265625, 182.32390625, 183.4687890625)
(149.7991796875, 190.9991796875, 211.6203125)
(119.704375, 72.8658984375, 44.19984375)
(149.5248046875, 160.673984375, 164.097265625)
(70.762578125, 67.092734375, 29.480390625)
(143.55546875, 153.984921875, 162.6952734375)
(138.0117578125, 132.3825390625, 122.5031640625)
(100.9787109375, 96.2003515625, 96.8716796875)
(202.6384375, 176.9316796875, 183.76640625)
(132.5825, 82.168125, 49.8479296875)
(215.061015625, 155.4069140625, 166.936328125)
(88.8538671875, 75.5131640625, 71.5438671875)
(42.3032421875, 44.833125, 48.5947265625)
(201.6732421875, 144.55234375, 133.8430078125)
(201.3677734375, 168.11296875, 111.9379296875)
(151.7886328125, 163.9584375, 191.761015625)
(65.69359375, 62.3437109375, 47.848203125)
(182.4608203125, 134.34875, 124.9625390625)
(117.3995703125, 117.2401953125, 116.8953125)
(196.23671875, 178.3990234375, 138.6598046875)
(30.24296875, 13.869296875, 31.5169921875)
(177.578203125, 163.3807421875, 161.9260546875)
(82.72109375, 120.3982421875, 76.91859375)
(143.7556640625, 114.26515625, 46.4365234375)
(105.261328125, 77.25453125, 42.0528125)
(249.6064453125, 171.431171875, 54.6384765625)
(77.32953125, 50.738203125, 68.0976171875)
(143.6325, 119.1234765625, 98.898046875)
(228.3488671875, 142.8847265625, 45.4435546875)
(145.27328125, 141.974921875, 124.3834375)
(198.656875, 139.383046875, 121.2831640625)
(200.7621875, 132.96328125, 133.063046875)
(124.4344921875, 100.9267578125, 76.828671875)
(80.3150390625, 96.509296875, 67.75625)
(139.68484375, 136.8012890625, 127.4632421875)
(144.3454296875, 166.8845703125, 187.69578125)
(41.195625, 45.3692578125, 49.9057421875)
(76.893515625, 66.401015625, 55.449609375)
(172.46140625, 159.8303515625, 142.2919140625)
(178.826875, 160.4094921875, 117.3270703125)
(232.311171875, 161.0752734375, 43.78515625)
(214.13640625, 162.2834765625, 126.398359375)
(96.926640625, 77.168203125, 69.48671875)
(205.572578125, 146.5169921875, 156.4234375)
(175.256796875, 200.9928125, 214.4142578125)
(230.1758984375, 132.1825, 114.397734375)
(168.4601171875, 90.888984375, 189.60046875)
(237.1752734375, 113.2661328125, 6.179140625)
(101.2560546875, 185.7501171875, 0.0)
(155.838359375, 130.13890625, 84.5125390625)
(162.6183203125, 119.648203125, 87.46625)
(93.9166015625, 116.2559375, 118.5723046875)
(138.4862109375, 162.2089453125, 184.05078125)
(194.1634765625, 156.7378515625, 80.4511328125)
(157.3133984375, 167.5087890625, 197.1486328125)
(205.37015625, 205.242421875, 206.29640625)
(137.1125, 82.0619140625, 23.066640625)
(118.595078125, 98.1506640625, 94.255625)
(201.685703125, 191.5487890625, 205.316796875)
(44.7251171875, 22.626484375, 66.1107421875)
(84.3207421875, 57.556328125, 41.6241015625)
(185.661328125, 183.4599609375, 182.2134765625)
(179.3745703125, 154.5485546875, 155.57375)
(109.687890625, 80.6113671875, 46.774609375)
(207.7489453125, 17.103515625, 1.9040625)
(69.1824609375, 62.5899609375, 53.7714453125)
(44.221484375, 131.3044140625, 223.6742578125)
(146.6057421875, 132.5325, 123.511015625)
(82.3271484375, 79.7660546875, 80.6564453125)
(69.3263671875, 49.4975, 46.5632421875)
(172.9929296875, 209.0823046875, 219.6828125)
(144.3533203125, 119.0498046875, 116.8392578125)
(248.6505078125, 179.3441015625, 75.8373828125)
(127.6027734375, 116.00140625, 110.22)
(176.005234375, 164.840859375, 149.3262109375)
(181.2603125, 142.6475390625, 129.391953125)
(180.536171875, 151.3844921875, 138.6698046875)
(210.462421875, 154.106328125, 146.0125)
(82.3541015625, 73.4221484375, 80.2959375)
(60.8735546875, 62.64359375, 62.9264453125)
(190.4311328125, 197.346015625, 171.95546875)
(51.741328125, 37.844765625, 31.6009765625)
(197.1740234375, 115.255, 66.444296875)
(132.606953125, 94.2223046875, 93.724453125)
(152.8922265625, 161.8594921875, 189.01109375)
(172.984453125, 189.4276953125, 208.968203125)
(180.0142578125, 115.6423046875, 29.93359375)
(151.1521484375, 81.250625, 82.2984765625)
(167.3729296875, 154.8441015625, 143.982890625)
(206.8296875, 171.310078125, 132.8190625)
(183.6711328125, 141.8362890625, 34.089296875)
(131.767578125, 120.881015625, 114.7051953125)
(124.28515625, 151.636484375, 176.81515625)
(232.8344140625, 182.072421875, 49.5196875)
(208.418125, 170.1262109375, 49.446015625)
(131.5575, 90.79703125, 63.1087890625)
(142.0044140625, 114.5191796875, 105.0461328125)
(201.423828125, 199.05375, 197.995)
(25.0478125, 23.9065234375, 22.05921875)
(207.173359375, 174.7226171875, 84.2994140625)
(209.0289453125, 207.2957421875, 207.2957421875)
(75.6593359375, 53.441953125, 108.773515625)
(168.1019921875, 147.4985546875, 96.556484375)
(198.9490234375, 154.1261328125, 126.5304296875)
(182.122578125, 174.2859765625, 158.0940234375)
(153.8002734375, 113.1223828125, 96.1257421875)
(131.179375, 156.7367578125, 180.2747265625)
(74.898828125, 64.9523828125, 54.57609375)
(173.913125, 150.6551171875, 122.689765625)
(146.2003125, 132.49609375, 108.822109375)
(38.8997265625, 36.03375, 36.1423828125)
(71.164375, 124.8273046875, 166.433828125)
(100.4006640625, 103.13953125, 104.7683203125)
(135.6151171875, 146.0000390625, 39.79375)
(103.919375, 72.38296875, 52.4713671875)
(72.30703125, 64.1119140625, 71.2813671875)
(212.714296875, 128.0246875, 119.0030078125)
(165.7576953125, 118.2311328125, 127.5301171875)
(103.1060546875, 60.4723828125, 77.154765625)
(119.1097265625, 82.21703125, 60.37828125)
(176.0803515625, 130.735, 165.0293359375)
(179.8217578125, 170.3645703125, 157.6189453125)
(17.48953125, 16.05515625, 16.05515625)
(230.480859375, 207.0781640625, 203.7320703125)
(46.3321484375, 35.76359375, 35.76359375)
(245.91875, 153.5302734375, 113.196171875)
(65.252578125, 82.251328125, 91.6513671875)
(196.728359375, 151.03375, 52.6584765625)
(52.091953125, 22.7373046875, 22.4098828125)
(148.631484375, 129.9375, 101.5814453125)
(108.5895703125, 127.36578125, 153.8239453125)
(229.8301953125, 192.1148828125, 194.10578125)
(125.7315234375, 125.0923046875, 125.092890625)
(182.3362890625, 187.6258203125, 131.7629296875)
(136.947265625, 136.8416015625, 139.9002734375)
(210.044765625, 177.611640625, 181.1105078125)
(81.7412109375, 68.4219140625, 71.8800390625)
(15.11171875, 18.1479296875, 19.0310546875)
(164.5669921875, 133.84796875, 128.1925)
(156.40734375, 139.85046875, 126.6994140625)
(51.6225, 89.696015625, 56.025234375)
(126.5735546875, 113.372578125, 97.351484375)
(64.2947265625, 47.7293359375, 39.7203125)
(213.417890625, 148.3332421875, 65.2175)
(142.722734375, 42.3065234375, 42.3065234375)
(152.8650390625, 148.981640625, 143.8128515625)
(31.7263671875, 24.462890625, 20.420625)
(229.4080859375, 192.4448828125, 197.0662890625)
(164.481484375, 143.4954296875, 128.78109375)
(158.3061328125, 86.0244140625, 73.9353125)
(91.99421875, 124.116875, 95.8771484375)
(249.5278125, 173.074375, 59.2215234375)
(160.5585546875, 122.4655859375, 109.7732421875)
(220.62640625, 187.1345703125, 158.2299609375)
(205.4167578125, 205.300625, 206.3423046875)
(51.7349609375, 113.602109375, 182.3408203125)
(147.257109375, 159.1058203125, 167.7703125)
(136.1364453125, 91.1998828125, 86.1812890625)
(166.6430078125, 167.37765625, 168.448046875)
(123.355390625, 86.7496484375, 51.5432421875)
(68.8144140625, 59.238046875, 49.23625)
(42.4989453125, 190.9830078125, 47.600546875)
(145.227109375, 153.201875, 190.5148828125)
(143.028046875, 124.2112109375, 117.6590625)
(160.6535546875, 149.931953125, 140.27484375)
(101.40921875, 72.8041015625, 61.207265625)
(219.1509375, 169.3607421875, 134.0040625)
(147.322109375, 165.30890625, 170.8796875)
(163.9783203125, 151.9994140625, 142.7022265625)
(193.7895703125, 145.7109375, 123.5381640625)
(219.400078125, 135.6953125, 69.72765625)
(217.2721875, 146.2511328125, 25.7191796875)
(135.245703125, 86.4519140625, 67.766328125)
(165.389609375, 156.600859375, 146.245390625)
(145.8744921875, 99.823671875, 73.9808984375)
(160.255390625, 126.5598828125, 107.6170703125)
(40.1747265625, 30.711015625, 24.722578125)
(65.3944140625, 52.093515625, 54.434375)
(196.501875, 157.52328125, 95.5787109375)
(75.51421875, 74.7455078125, 69.2087890625)
(100.7828515625, 86.0598046875, 79.0244921875)
(232.8383203125, 166.9662109375, 47.9588671875)
(189.677421875, 197.2425390625, 207.59875)
(189.2954296875, 168.5087109375, 104.799765625)
(82.6490234375, 62.776484375, 53.08125)
(206.290546875, 176.29921875, 111.023359375)
(84.4904296875, 75.6537890625, 66.296171875)
(88.046171875, 76.8603125, 49.878125)
(81.41875, 70.012578125, 58.9814453125)
(149.545, 106.8880859375, 76.5729296875)
(119.2178125, 72.106171875, 77.0600390625)
(230.1457421875, 221.5219140625, 182.8540625)
(193.2712890625, 179.08734375, 128.8072265625)
(71.310234375, 51.956875, 60.088359375)
(71.6008203125, 59.5919921875, 51.0859375)
(160.996328125, 95.2820703125, 140.6076171875)
(85.4850390625, 50.8789453125, 30.7723046875)
(143.225390625, 137.4413671875, 126.8715625)
(111.63765625, 114.112734375, 122.9345703125)
(124.119296875, 116.33625, 108.5421875)
(131.670546875, 93.7818359375, 95.3359375)
(119.803828125, 101.23515625, 86.2937890625)
(111.217421875, 101.665078125, 87.850859375)
(213.2959765625, 212.5062109375, 210.4000390625)
(162.46953125, 170.829296875, 204.924609375)
